4.510854e-01
4.499264e-01
4.495170e-01
4.513019e-01
4.516662e-01
4.487082e-01
4.478120e-01
4.483678e-01
4.474698e-01
4.453290e-01
4.479871e-01
4.482024e-01
4.489065e-01
4.489003e-01
4.484901e-01
4.490072e-01
4.498186e-01
4.502661e-01
4.500749e-01
4.499661e-01
4.502199e-01
4.501655e-01
4.514436e-01
4.464947e-01
4.481467e-01
4.494815e-01
4.493269e-01
4.467542e-01
4.461928e-01
4.479478e-01
4.475723e-01
4.477105e-01
4.489253e-01
4.489458e-01
4.498059e-01
4.502192e-01
4.504172e-01
4.504351e-01
4.504372e-01
4.504395e-01
4.504436e-01
4.504515e-01
4.504646e-01
4.504878e-01
4.505077e-01
4.505255e-01
4.505383e-01
4.505422e-01
4.505328e-01
4.505040e-01
4.508161e-01
4.505564e-01
4.494145e-01
4.497463e-01
4.507397e-01
4.492606e-01
4.471358e-01
4.481824e-01
4.478099e-01
4.482606e-01
4.480963e-01
4.479608e-01
4.484463e-01
4.487879e-01
4.484225e-01
4.489368e-01
4.495432e-01
4.501608e-01
4.501333e-01
4.499580e-01
4.498841e-01
4.515741e-01
4.508089e-01
4.505254e-01
4.498624e-01
4.488613e-01
4.487680e-01
4.484679e-01
4.480142e-01
4.477152e-01
4.473806e-01
4.488683e-01
4.489934e-01
4.501334e-01
4.502790e-01
4.504315e-01
4.504357e-01
4.504374e-01
4.504395e-01
4.504435e-01
4.504509e-01
4.504638e-01
4.504820e-01
4.505076e-01
4.505263e-01
4.505379e-01
4.505365e-01
4.505143e-01
4.504659e-01
4.504034e-01
4.498746e-01
4.504471e-01
4.501442e-01
4.489957e-01
4.495213e-01
4.499556e-01
4.487032e-01
4.481263e-01
4.485128e-01
4.474734e-01
4.465456e-01
4.478883e-01
4.482109e-01
4.486856e-01
4.483639e-01
4.484990e-01
4.489577e-01
4.501416e-01
4.500989e-01
4.499425e-01
4.499025e-01
4.514560e-01
4.506239e-01
4.514542e-01
4.491323e-01
4.488348e-01
4.494933e-01
4.481932e-01
4.477624e-01
4.479179e-01
4.476209e-01
4.492195e-01
4.502018e-01
4.503982e-01
4.504345e-01
4.504360e-01
4.504376e-01
4.504397e-01
4.504434e-01
4.504503e-01
4.504626e-01
4.504806e-01
4.505019e-01
4.505267e-01
4.505356e-01
4.505236e-01
4.504818e-01
4.504184e-01
4.503598e-01
4.503198e-01
4.483308e-01
4.495309e-01
4.501366e-01
4.497960e-01
4.486331e-01
4.490199e-01
4.478987e-01
4.473784e-01
4.482020e-01
4.479243e-01
4.495418e-01
4.479957e-01
4.480033e-01
4.485507e-01
4.482244e-01
4.481286e-01
4.486196e-01
4.500255e-01
4.497836e-01
4.498701e-01
4.511009e-01
4.497719e-01
4.505390e-01
4.497240e-01
4.493503e-01
4.492787e-01
4.484565e-01
4.478856e-01
4.481755e-01
4.474828e-01
4.492397e-01
4.502412e-01
4.504306e-01
4.504355e-01
4.504362e-01
4.504378e-01
4.504399e-01
4.504434e-01
4.504498e-01
4.504615e-01
4.504792e-01
4.505015e-01
4.505229e-01
4.505291e-01
4.504991e-01
4.504375e-01
4.503736e-01
4.503291e-01
4.503027e-01
4.502877e-01
4.491376e-01
4.487425e-01
4.491044e-01
4.498457e-01
4.494716e-01
4.483730e-01
4.486542e-01
4.476174e-01
4.482387e-01
4.486467e-01
4.475122e-01
4.477341e-01
4.478046e-01
4.481796e-01
4.481673e-01
4.478459e-01
4.485085e-01
4.498839e-01
4.497926e-01
4.498197e-01
4.502940e-01
4.499130e-01
4.510119e-01
4.490224e-01
4.475814e-01
4.486382e-01
4.480163e-01
4.482476e-01
4.480601e-01
4.494637e-01
4.502636e-01
4.504378e-01
4.504360e-01
4.504366e-01
4.504381e-01
4.504402e-01
4.504434e-01
4.504497e-01
4.504607e-01
4.504782e-01
4.505016e-01
4.505228e-01
4.505213e-01
4.504615e-01
4.503927e-01
4.503423e-01
4.503136e-01
4.502986e-01
4.502902e-01
4.502845e-01
4.489060e-01
4.489442e-01
4.496494e-01
4.486727e-01
4.495347e-01
4.491435e-01
4.482744e-01
4.483399e-01
4.485373e-01
4.482793e-01
4.481273e-01
4.495309e-01
4.478413e-01
4.480083e-01
4.482629e-01
4.475748e-01
4.481021e-01
4.495644e-01
4.497836e-01
4.501621e-01
4.496288e-01
4.491523e-01
4.499164e-01
4.490050e-01
4.482737e-01
4.480096e-01
4.483712e-01
4.482075e-01
4.490572e-01
4.503657e-01
4.504460e-01
4.504367e-01
4.504369e-01
4.504385e-01
4.504407e-01
4.504441e-01
4.504501e-01
4.504607e-01
4.504783e-01
4.505032e-01
4.505218e-01
4.505023e-01
4.504370e-01
4.503607e-01
4.503282e-01
4.503112e-01
4.503016e-01
4.502954e-01
4.502904e-01
4.502853e-01
4.493470e-01
4.491142e-01
4.490420e-01
4.493079e-01
4.495098e-01
4.491423e-01
4.488029e-01
4.483524e-01
4.468047e-01
4.480372e-01
4.487550e-01
4.476407e-01
4.479922e-01
4.477391e-01
4.485026e-01
4.476754e-01
4.476812e-01
4.496757e-01
4.496503e-01
4.504986e-01
4.496624e-01
4.484899e-01
4.498660e-01
4.464666e-01
4.482009e-01
4.481734e-01
4.491263e-01
4.495466e-01
4.500008e-01
4.504534e-01
4.504396e-01
4.504375e-01
4.504395e-01
4.504421e-01
4.504459e-01
4.504521e-01
4.504630e-01
4.504819e-01
4.505086e-01
4.505189e-01
4.504707e-01
4.503970e-01
4.503500e-01
4.503237e-01
4.503148e-01
4.503088e-01
4.503027e-01
4.502955e-01
4.502877e-01
4.502805e-01
4.499424e-01
4.496188e-01
4.493321e-01
4.491956e-01
4.492528e-01
4.495849e-01
4.491487e-01
4.481195e-01
4.483154e-01
4.494656e-01
4.482170e-01
4.486953e-01
4.480066e-01
4.478152e-01
4.486385e-01
4.480822e-01
4.467973e-01
4.495173e-01
4.494810e-01
4.489052e-01
4.487575e-01
4.492621e-01
4.500847e-01
4.480695e-01
4.480261e-01
4.493240e-01
4.498117e-01
4.495586e-01
4.504160e-01
4.504452e-01
4.504391e-01
4.504417e-01
4.504455e-01
4.504507e-01
4.504588e-01
4.504723e-01
4.504937e-01
4.505177e-01
4.504987e-01
4.504213e-01
4.503664e-01
4.503433e-01
4.503337e-01
4.503324e-01
4.503298e-01
4.503282e-01
4.503278e-01
4.503283e-01
4.503293e-01
4.503298e-01
4.502189e-01
4.500432e-01
4.497306e-01
4.494175e-01
4.492611e-01
4.493303e-01
4.496488e-01
4.502421e-01
4.480372e-01
4.481867e-01
4.498296e-01
4.480149e-01
4.483250e-01
4.480161e-01
4.484024e-01
4.492837e-01
4.489837e-01
4.472635e-01
4.463694e-01
4.444220e-01
4.450660e-01
4.467117e-01
4.463316e-01
4.478356e-01
4.491388e-01
4.498726e-01
4.497143e-01
4.510233e-01
4.504514e-01
4.504439e-01
4.504486e-01
4.504569e-01
4.504675e-01
4.504796e-01
4.504930e-01
4.505081e-01
4.505084e-01
4.504463e-01
4.503893e-01
4.503683e-01
4.503612e-01
4.503634e-01
4.503601e-01
4.503566e-01
4.503530e-01
4.503497e-01
4.503466e-01
4.503451e-01
4.503453e-01
4.503471e-01
4.503157e-01
4.502487e-01
4.501052e-01
4.498138e-01
4.494742e-01
4.492874e-01
4.493565e-01
4.497711e-01
4.501741e-01
4.480232e-01
4.485258e-01
4.475853e-01
4.484000e-01
4.489110e-01
4.484867e-01
4.475465e-01
4.428217e-01
4.341498e-01
4.100802e-01
4.049360e-01
3.800450e-01
4.022887e-01
4.413053e-01
4.432979e-01
4.496005e-01
4.498433e-01
4.490040e-01
4.501449e-01
4.504646e-01
4.504809e-01
4.504999e-01
4.505106e-01
4.505139e-01
4.505170e-01
4.505195e-01
4.504883e-01
4.504352e-01
4.504058e-01
4.503914e-01
4.503819e-01
4.503733e-01
4.503711e-01
4.503796e-01
4.504068e-01
4.504340e-01
4.499064e-01
4.504661e-01
4.496913e-01
4.505652e-01
4.504946e-01
4.503742e-01
4.503328e-01
4.502640e-01
4.501343e-01
4.498652e-01
4.495053e-01
4.492765e-01
4.492713e-01
4.498746e-01
4.500781e-01
4.480158e-01
4.493220e-01
4.484890e-01
4.515346e-01
4.494533e-01
4.412419e-01
4.065974e-01
3.680037e-01
4.671584e-01
4.635235e-01
4.672777e-01
4.735404e-01
4.623364e-01
3.984381e-01
4.405878e-01
4.494390e-01
4.494150e-01
4.503436e-01
4.506375e-01
4.506199e-01
4.505906e-01
4.505693e-01
4.505589e-01
4.505358e-01
4.504953e-01
4.504609e-01
4.504385e-01
4.504281e-01
4.504352e-01
4.501171e-01
4.499772e-01
4.506459e-01
4.505488e-01
4.502651e-01
4.505162e-01
4.505137e-01
4.504890e-01
4.504787e-01
4.504737e-01
4.504708e-01
4.504403e-01
4.504101e-01
4.503551e-01
4.502672e-01
4.501221e-01
4.498555e-01
4.494946e-01
4.492318e-01
4.489184e-01
4.485421e-01
4.493084e-01
4.480512e-01
4.510867e-01
4.583673e-01
4.514923e-01
3.936996e-01
3.958770e-01
3.851156e-01
4.018878e-01
3.929735e-01
3.964817e-01
4.039119e-01
3.943807e-01
4.054044e-01
3.966970e-01
4.486791e-01
4.505534e-01
4.521461e-01
4.515772e-01
4.508116e-01
4.506369e-01
4.505401e-01
4.505127e-01
4.504773e-01
4.495734e-01
4.512224e-01
4.508322e-01
4.506817e-01
4.504321e-01
4.505596e-01
4.505483e-01
4.505303e-01
4.505128e-01
4.504984e-01
4.504875e-01
4.504798e-01
4.504747e-01
4.504712e-01
4.504680e-01
4.504625e-01
4.505482e-01
4.505423e-01
4.505059e-01
4.504247e-01
4.502819e-01
4.500548e-01
4.497292e-01
4.494583e-01
4.490265e-01
4.439547e-01
4.360964e-01
4.468762e-01
4.673293e-01
5.025608e-01
3.610820e-01
3.598890e-01
3.645722e-01
3.662098e-01
3.620058e-01
3.605250e-01
3.523009e-01
3.546134e-01
3.567500e-01
3.624313e-01
3.624383e-01
3.606083e-01
3.516810e-01
4.694106e-01
4.566480e-01
4.536271e-01
4.538232e-01
4.509159e-01
4.505401e-01
4.504544e-01
4.504129e-01
4.504062e-01
4.504415e-01
4.504962e-01
4.505384e-01
4.505411e-01
4.505280e-01
4.505109e-01
4.504959e-01
4.504846e-01
4.504774e-01
4.504723e-01
4.504668e-01
4.504694e-01
4.506628e-01
4.504197e-01
4.506657e-01
4.506228e-01
4.505341e-01
4.504060e-01
4.502536e-01
4.501117e-01
4.500731e-01
4.502009e-01
4.493873e-01
4.392545e-01
4.452410e-01
4.827895e-01
5.266467e-01
3.393313e-01
3.507152e-01
3.515575e-01
3.535497e-01
3.523743e-01
3.508064e-01
3.484376e-01
3.484612e-01
3.486429e-01
3.500107e-01
3.521692e-01
3.531259e-01
3.534280e-01
3.447657e-01
3.272195e-01
4.911038e-01
4.568121e-01
4.524865e-01
4.514000e-01
4.507792e-01
4.506049e-01
4.505030e-01
4.504767e-01
4.505115e-01
4.505503e-01
4.505750e-01
4.505479e-01
4.505218e-01
4.505020e-01
4.504885e-01
4.504789e-01
4.504686e-01
4.505533e-01
4.502861e-01
4.504325e-01
4.504325e-01
4.504341e-01
4.503183e-01
4.502817e-01
4.503309e-01
4.503830e-01
4.503074e-01
4.501141e-01
4.499171e-01
4.498042e-01
4.502967e-01
4.501004e-01
4.611517e-01
5.285589e-01
3.286684e-01
3.414390e-01
3.491717e-01
3.512841e-01
3.516376e-01
3.463781e-01
3.478078e-01
3.479536e-01
3.482270e-01
3.489374e-01
3.495979e-01
3.511692e-01
3.527815e-01
3.518456e-01
3.506431e-01
3.356746e-01
5.597045e-01
4.626121e-01
4.540072e-01
4.520317e-01
4.512906e-01
4.509489e-01
4.507591e-01
4.507721e-01
4.507682e-01
4.507188e-01
4.506546e-01
4.506039e-01
4.505664e-01
4.505355e-01
4.505134e-01
4.505144e-01
4.504453e-01
4.504448e-01
4.504403e-01
4.504376e-01
4.504367e-01
4.504373e-01
4.502991e-01
4.502545e-01
4.502989e-01
4.504543e-01
4.517355e-01
4.503987e-01
4.498401e-01
4.498562e-01
4.501697e-01
4.571726e-01
4.890994e-01
3.096654e-01
3.307669e-01
3.443680e-01
3.494586e-01
3.503277e-01
3.469819e-01
3.468830e-01
3.472215e-01
3.473816e-01
3.481903e-01
3.485534e-01
3.489525e-01
3.495648e-01
3.503566e-01
3.499271e-01
3.484254e-01
3.371989e-01
3.205405e-01
5.055421e-01
4.584237e-01
4.529589e-01
4.513036e-01
4.511437e-01
4.510554e-01
4.509290e-01
4.508236e-01
4.507391e-01
4.506611e-01
4.506098e-01
4.506411e-01
4.504338e-01
4.504934e-01
4.504757e-01
4.504627e-01
4.504523e-01
4.504448e-01
4.504397e-01
4.504349e-01
4.504271e-01
4.501340e-01
4.499206e-01
4.496812e-01
4.493505e-01
4.497166e-01
4.515897e-01
4.478325e-01
4.498963e-01
4.503012e-01
4.683201e-01
5.186618e-01
3.222025e-01
3.412400e-01
3.460758e-01
3.480727e-01
3.494154e-01
3.484943e-01
3.483676e-01
3.473362e-01
3.474541e-01
3.479967e-01
3.481909e-01
3.483288e-01
3.478240e-01
3.484249e-01
3.480519e-01
3.488400e-01
3.421453e-01
3.319487e-01
5.154309e-01
4.843563e-01
4.527717e-01
4.516845e-01
4.513565e-01
4.510325e-01
4.508811e-01
4.507757e-01
4.507242e-01
4.505061e-01
4.505591e-01
4.505281e-01
4.505031e-01
4.504854e-01
4.504713e-01
4.504604e-01
4.504512e-01
4.504398e-01
4.504273e-01
4.504218e-01
4.504230e-01
4.503379e-01
4.486553e-01
4.491563e-01
4.494647e-01
4.496633e-01
4.498373e-01
4.500516e-01
4.503313e-01
4.576179e-01
4.694823e-01
3.087809e-01
3.314565e-01
3.452957e-01
3.460612e-01
3.499240e-01
3.483088e-01
3.485864e-01
3.473217e-01
3.472924e-01
3.475739e-01
3.477410e-01
3.479926e-01
3.480562e-01
3.475398e-01
3.480804e-01
3.464536e-01
3.461562e-01
3.445043e-01
3.323664e-01
3.188876e-01
4.936147e-01
4.552859e-01
4.523923e-01
4.513665e-01
4.510651e-01
4.508871e-01
4.499798e-01
4.506491e-01
4.505940e-01
4.505537e-01
4.505238e-01
4.505015e-01
4.504804e-01
4.504654e-01
4.504486e-01
4.504386e-01
4.504371e-01
4.504378e-01
4.504379e-01
4.504373e-01
4.496927e-01
4.498447e-01
4.500189e-01
4.501812e-01
4.503122e-01
4.504418e-01
4.515701e-01
4.503784e-01
4.596104e-01
4.617378e-01
3.152045e-01
3.376014e-01
3.454177e-01
3.468511e-01
3.473770e-01
3.465849e-01
3.486331e-01
3.482186e-01
3.473019e-01
3.472736e-01
3.477083e-01
3.478144e-01
3.479031e-01
3.479402e-01
3.474034e-01
3.455044e-01
3.437080e-01
3.470336e-01
3.307783e-01
3.119144e-01
4.793415e-01
4.594521e-01
4.525507e-01
4.516142e-01
4.511718e-01
4.509306e-01
4.507956e-01
4.507039e-01
4.506395e-01
4.505901e-01
4.505480e-01
4.505110e-01
4.504887e-01
4.504657e-01
4.504607e-01
4.504568e-01
4.504532e-01
4.504498e-01
4.504470e-01
4.504445e-01
4.500071e-01
4.500615e-01
4.501761e-01
4.503816e-01
4.515976e-01
4.486437e-01
4.505751e-01
4.525055e-01
4.526622e-01
4.524878e-01
3.262574e-01
3.453755e-01
3.496015e-01
3.513310e-01
3.458096e-01
3.487394e-01
3.486777e-01
3.489811e-01
3.473130e-01
3.472606e-01
3.473033e-01
3.476797e-01
3.478750e-01
3.477528e-01
3.469587e-01
3.445758e-01
3.434924e-01
3.449750e-01
3.350480e-01
3.092628e-01
4.548530e-01
4.517213e-01
4.525220e-01
4.517033e-01
4.512941e-01
4.510525e-01
4.509056e-01
4.508009e-01
4.507157e-01
4.506580e-01
4.506190e-01
4.505857e-01
4.505557e-01
4.505239e-01
4.505034e-01
4.504872e-01
4.504747e-01
4.504653e-01
4.504582e-01
4.504530e-01
4.502571e-01
4.505473e-01
4.532266e-01
4.500646e-01
4.508608e-01
4.506000e-01
4.504289e-01
4.495613e-01
4.463871e-01
4.526273e-01
3.282305e-01
3.449260e-01
3.480733e-01
3.535936e-01
3.467708e-01
3.476800e-01
3.473726e-01
3.481135e-01
3.482161e-01
3.472890e-01
3.474476e-01
3.474027e-01
3.477813e-01
3.475533e-01
3.472525e-01
3.462517e-01
3.438971e-01
3.447538e-01
3.375731e-01
3.200337e-01
4.619590e-01
4.543630e-01
4.512184e-01
4.506188e-01
4.511847e-01
4.512075e-01
4.510642e-01
4.509365e-01
4.508547e-01
4.507884e-01
4.507344e-01
4.506887e-01
4.506482e-01
4.506025e-01
4.505696e-01
4.505406e-01
4.505163e-01
4.504968e-01
4.504817e-01
4.504701e-01
4.454777e-01
4.495097e-01
4.507285e-01
4.507066e-01
4.505634e-01
4.507398e-01
4.517774e-01
4.527147e-01
4.502981e-01
4.647809e-01
3.187860e-01
3.415349e-01
3.497084e-01
3.509490e-01
3.493868e-01
3.504369e-01
3.470746e-01
3.493572e-01
3.483688e-01
3.473047e-01
3.472623e-01
3.475953e-01
3.478676e-01
3.473011e-01
3.472052e-01
3.466195e-01
3.440084e-01
3.484915e-01
3.334188e-01
3.180492e-01
4.762758e-01
4.533688e-01
4.500991e-01
4.512781e-01
4.516584e-01
4.513343e-01
4.511978e-01
4.511140e-01
4.510059e-01
4.509173e-01
4.508484e-01
4.507932e-01
4.507467e-01
4.506966e-01
4.506600e-01
4.506255e-01
4.505924e-01
4.505619e-01
4.505347e-01
4.505118e-01
4.503737e-01
4.505099e-01
4.504788e-01
4.505011e-01
4.512436e-01
4.523752e-01
4.563636e-01
4.576882e-01
4.595028e-01
4.716409e-01
5.212987e-01
3.405170e-01
3.484604e-01
3.481857e-01
3.500411e-01
3.514978e-01
3.492124e-01
3.526957e-01
3.486969e-01
3.489871e-01
3.467764e-01
3.473690e-01
3.476055e-01
3.472910e-01
3.472260e-01
3.469115e-01
3.443624e-01
3.481322e-01
3.343952e-01
3.277191e-01
4.867995e-01
4.520041e-01
4.530510e-01
4.525122e-01
4.520058e-01
4.516658e-01
4.513731e-01
4.511709e-01
4.511640e-01
4.510677e-01
4.509757e-01
4.509027e-01
4.508450e-01
4.507872e-01
4.507480e-01
4.507127e-01
4.506794e-01
4.506473e-01
4.506159e-01
4.505853e-01
4.501306e-01
4.501221e-01
4.503650e-01
4.524311e-01
4.529283e-01
4.546835e-01
4.570750e-01
4.568885e-01
4.590526e-01
4.713450e-01
5.230144e-01
3.289389e-01
3.469692e-01
3.502494e-01
3.504134e-01
3.532594e-01
3.497712e-01
3.494565e-01
3.493729e-01
3.491406e-01
3.486419e-01
3.480523e-01
3.478334e-01
3.477775e-01
3.463560e-01
3.465848e-01
3.457402e-01
3.476240e-01
3.362518e-01
5.281672e-01
4.839322e-01
4.529242e-01
4.523218e-01
4.522584e-01
4.519772e-01
4.518225e-01
4.515993e-01
4.514228e-01
4.512345e-01
4.511620e-01
4.511236e-01
4.510351e-01
4.509561e-01
4.508791e-01
4.508311e-01
4.507913e-01
4.507566e-01
4.507252e-01
4.506954e-01
4.506662e-01
4.495543e-01
4.501409e-01
4.513803e-01
4.512806e-01
4.524754e-01
4.533513e-01
4.517309e-01
4.574734e-01
4.534286e-01
4.561109e-01
5.006996e-01
3.144792e-01
3.390290e-01
3.511967e-01
3.505387e-01
3.517986e-01
3.523180e-01
3.513142e-01
3.474691e-01
3.457472e-01
3.491890e-01
3.483046e-01
3.475506e-01
3.473573e-01
3.478632e-01
3.472466e-01
3.479103e-01
3.394103e-01
3.162843e-01
5.090815e-01
4.663147e-01
4.515031e-01
4.517185e-01
4.517857e-01
4.517402e-01
4.516594e-01
4.515836e-01
4.514793e-01
4.513704e-01
4.512441e-01
4.511090e-01
4.511229e-01
4.510768e-01
4.509861e-01
4.509219e-01
4.508691e-01
4.508262e-01
4.507905e-01
4.507597e-01
4.507320e-01
4.500308e-01
4.507996e-01
4.508127e-01
4.522182e-01
4.525492e-01
4.519636e-01
4.541217e-01
4.521597e-01
4.508012e-01
4.492324e-01
4.623093e-01
5.174364e-01
3.318305e-01
3.442689e-01
3.511929e-01
3.525622e-01
3.509424e-01
3.505147e-01
3.500345e-01
3.487016e-01
3.458282e-01
3.491492e-01
3.483935e-01
3.478448e-01
3.482635e-01
3.489873e-01
3.501870e-01
3.313690e-01
5.298680e-01
4.779484e-01
4.536416e-01
4.510492e-01
4.513030e-01
4.514402e-01
4.514476e-01
4.514075e-01
4.513989e-01
4.513417e-01
4.512915e-01
4.512400e-01
4.511753e-01
4.510885e-01
4.510028e-01
4.510383e-01
4.510061e-01
4.509523e-01
4.508989e-01
4.508523e-01
4.508130e-01
4.507799e-01
4.507143e-01
4.507536e-01
4.521805e-01
4.524299e-01
4.519965e-01
4.544890e-01
4.527009e-01
4.523397e-01
4.502943e-01
4.477354e-01
4.528381e-01
4.832924e-01
5.202898e-01
3.386899e-01
3.462551e-01
3.523008e-01
3.523609e-01
3.525382e-01
3.490138e-01
3.420840e-01
3.466478e-01
3.479131e-01
3.502528e-01
3.492167e-01
3.513018e-01
3.517206e-01
3.518279e-01
3.350761e-01
4.770444e-01
4.531040e-01
4.509685e-01
4.509943e-01
4.511015e-01
4.511541e-01
4.511648e-01
4.511575e-01
4.511381e-01
4.511554e-01
4.511345e-01
4.511192e-01
4.511031e-01
4.510782e-01
4.510378e-01
4.509555e-01
4.509054e-01
4.509396e-01
4.509404e-01
4.509071e-01
4.508648e-01
4.508234e-01
4.506292e-01
4.521024e-01
4.524485e-01
4.517942e-01
4.525423e-01
4.534589e-01
4.522880e-01
4.511701e-01
4.505461e-01
4.528150e-01
4.522400e-01
4.486883e-01
4.549570e-01
3.448591e-01
3.496497e-01
3.545148e-01
3.505843e-01
3.499143e-01
3.482438e-01
3.495788e-01
3.493934e-01
3.492237e-01
3.529935e-01
3.560333e-01
3.560687e-01
3.590955e-01
3.547666e-01
4.675271e-01
4.514837e-01
4.506672e-01
4.509656e-01
4.511090e-01
4.510862e-01
4.510005e-01
4.509550e-01
4.509525e-01
4.509610e-01
4.509984e-01
4.509949e-01
4.509972e-01
4.510012e-01
4.510020e-01
4.509972e-01
4.509758e-01
4.509388e-01
4.508772e-01
4.508438e-01
4.508702e-01
4.508857e-01
4.508689e-01
4.519118e-01
4.527661e-01
4.512522e-01
4.505743e-01
4.519458e-01
4.509745e-01
4.489809e-01
4.488536e-01
4.508143e-01
4.493630e-01
4.484580e-01
4.485770e-01
4.488843e-01
4.488244e-01
4.403448e-01
3.895461e-01
3.821618e-01
3.653217e-01
3.641912e-01
3.615723e-01
3.642003e-01
3.696699e-01
3.874390e-01
3.863530e-01
4.033812e-01
4.493316e-01
4.496212e-01
4.499337e-01
4.504273e-01
4.503262e-01
4.505429e-01
4.507348e-01
4.509871e-01
4.510833e-01
4.510436e-01
4.509245e-01
4.508435e-01
4.508486e-01
4.508612e-01
4.508815e-01
4.509016e-01
4.509172e-01
4.509287e-01
4.509356e-01
4.509315e-01
4.509147e-01
4.508761e-01
4.508202e-01
4.508095e-01
4.508391e-01
4.541410e-01
4.508567e-01
4.500332e-01
4.498357e-01
4.506876e-01
4.483406e-01
4.493308e-01
4.519293e-01
4.489728e-01
4.485620e-01
4.483966e-01
4.484118e-01
4.482912e-01
4.483506e-01
4.476419e-01
4.415169e-01
4.062445e-01
4.537803e-01
4.625533e-01
4.873597e-01
4.541823e-01
4.499841e-01
7.878592e-01
4.330940e-01
4.475955e-01
4.496071e-01
4.496430e-01
4.496893e-01
4.496693e-01
4.503502e-01
4.503723e-01
4.504772e-01
4.506326e-01
4.508530e-01
4.509882e-01
4.510597e-01
4.510617e-01
4.509095e-01
4.508300e-01
4.507867e-01
4.507893e-01
4.508119e-01
4.508368e-01
4.508627e-01
4.508776e-01
4.508846e-01
4.508810e-01
4.508635e-01
4.508194e-01
4.507786e-01
4.523753e-01
4.505242e-01
4.482356e-01
4.511306e-01
4.498375e-01
4.505481e-01
4.493826e-01
4.497722e-01
4.486756e-01
4.484189e-01
4.484057e-01
4.483775e-01
4.485123e-01
4.489606e-01
4.487149e-01
4.484922e-01
4.481399e-01
4.434819e-01
4.292037e-01
4.145619e-01
4.334614e-01
4.389031e-01
4.413212e-01
4.465021e-01
4.469953e-01
4.468284e-01
4.490169e-01
4.496537e-01
4.496903e-01
4.501360e-01
4.501798e-01
4.504471e-01
4.505006e-01
4.505869e-01
4.507478e-01
4.508773e-01
4.509677e-01
4.510643e-01
4.510679e-01
4.510120e-01
4.509005e-01
4.508054e-01
4.507678e-01
4.507742e-01
4.507940e-01
4.508143e-01
4.508300e-01
4.508369e-01
4.508334e-01
4.508114e-01
4.513509e-01
4.505258e-01
4.528941e-01
4.508488e-01
4.495051e-01
4.493224e-01
4.501582e-01
4.487156e-01
4.484135e-01
4.483655e-01
4.484624e-01
4.488999e-01
4.490192e-01
4.487619e-01
4.486400e-01
4.485297e-01
4.483286e-01
4.476321e-01
4.448906e-01
4.422769e-01
4.471620e-01
4.470791e-01
4.467449e-01
4.462168e-01
4.470113e-01
4.470620e-01
4.469216e-01
4.481201e-01
4.485551e-01
4.497365e-01
4.501343e-01
4.501499e-01
4.501816e-01
4.502514e-01
4.505706e-01
4.507248e-01
4.507806e-01
4.509072e-01
4.509891e-01
4.510520e-01
4.510835e-01
4.510638e-01
4.509806e-01
4.509178e-01
4.508228e-01
4.507722e-01
4.507590e-01
4.507647e-01
4.507751e-01
4.507817e-01
4.499994e-01
4.516884e-01
4.519133e-01
4.497660e-01
4.494001e-01
4.491617e-01
4.502100e-01
4.484321e-01
4.484045e-01
4.486680e-01
4.490401e-01
4.489846e-01
4.487775e-01
4.486903e-01
4.485768e-01
4.484269e-01
4.482037e-01
4.483698e-01
4.482902e-01
4.479459e-01
4.468443e-01
4.470366e-01
4.470261e-01
4.467877e-01
4.470076e-01
4.470422e-01
4.470660e-01
4.460886e-01
4.478696e-01
4.483755e-01
4.493213e-01
4.501229e-01
4.501480e-01
4.500735e-01
4.500686e-01
4.501734e-01
4.502826e-01
4.507189e-01
4.508476e-01
4.508928e-01
4.509598e-01
4.510321e-01
4.510666e-01
4.510908e-01
4.510689e-01
4.509971e-01
4.509002e-01
4.508200e-01
4.507750e-01
4.507571e-01
4.506383e-01
4.518039e-01
4.480205e-01
4.493254e-01
4.492008e-01
4.482789e-01
4.485482e-01
4.485251e-01
4.488182e-01
4.490639e-01
4.490135e-01
4.487527e-01
4.486921e-01
4.485995e-01
4.484793e-01
4.482658e-01
4.481474e-01
4.483357e-01
4.483361e-01
4.482036e-01
4.450048e-01
4.470043e-01
4.470482e-01
4.470063e-01
4.467960e-01
4.470588e-01
4.470546e-01
4.470497e-01
4.478657e-01
4.479988e-01
4.483881e-01
4.491936e-01
4.494832e-01
4.501404e-01
4.499739e-01
4.500345e-01
4.501418e-01
4.501880e-01
4.502844e-01
4.504799e-01
4.507350e-01
4.508405e-01
4.509392e-01
4.509785e-01
4.510297e-01
4.510715e-01
4.510833e-01
4.510534e-01
4.509836e-01
4.508983e-01
4.516606e-01
4.496088e-01
4.492914e-01
4.491879e-01
4.487930e-01
4.489070e-01
4.486583e-01
4.488866e-01
4.490642e-01
4.490308e-01
4.487755e-01
4.486591e-01
4.485999e-01
4.485017e-01
4.483752e-01
4.482101e-01
4.480854e-01
4.483046e-01
4.482741e-01
4.481808e-01
4.480847e-01
4.463713e-01
4.470312e-01
4.470429e-01
4.470113e-01
4.470701e-01
4.470657e-01
4.470652e-01
4.459324e-01
4.478402e-01
4.481511e-01
4.486726e-01
4.488345e-01
4.491543e-01
4.495931e-01
4.498768e-01
4.500745e-01
4.501175e-01
4.501403e-01
4.501683e-01
4.501937e-01
4.502609e-01
4.503978e-01
4.506207e-01
4.508530e-01
4.509714e-01
4.509975e-01
4.510275e-01
4.510612e-01
4.510714e-01
4.514257e-01
4.495060e-01
4.491094e-01
4.490673e-01
4.495388e-01
4.488370e-01
4.489189e-01
4.490624e-01
4.490254e-01
4.488526e-01
4.486309e-01
4.485836e-01
4.485064e-01
4.484045e-01
4.482867e-01
4.481946e-01
4.480785e-01
4.483031e-01
4.482505e-01
4.481765e-01
4.481492e-01
4.466618e-01
4.469780e-01
4.470500e-01
4.470559e-01
4.469873e-01
4.470781e-01
4.470629e-01
4.470167e-01
4.471225e-01
4.478619e-01
4.478394e-01
4.486636e-01
4.483257e-01
4.489267e-01
4.492094e-01
4.498719e-01
4.500749e-01
4.501020e-01
4.501135e-01
4.501316e-01
4.501510e-01
4.501752e-01
4.502130e-01
4.502839e-01
4.504190e-01
4.506285e-01
4.508479e-01
4.509738e-01
4.509981e-01
4.497968e-01
4.491754e-01
4.492678e-01
4.494438e-01
4.490218e-01
4.489383e-01
4.490601e-01
4.490200e-01
4.489003e-01
4.486750e-01
4.485374e-01
4.485051e-01
4.484181e-01
4.483270e-01
4.481956e-01
4.481911e-01
4.480801e-01
4.482905e-01
4.482335e-01
4.481495e-01
4.481430e-01
4.480899e-01
4.465950e-01
4.470360e-01
4.470706e-01
4.470364e-01
4.470922e-01
4.470721e-01
4.470598e-01
4.464231e-01
4.475525e-01
4.478578e-01
4.485484e-01
4.482973e-01
4.482563e-01
4.488248e-01
4.489377e-01
4.492838e-01
4.499424e-01
4.500933e-01
4.500970e-01
4.501087e-01
4.501265e-01
4.501450e-01
4.501648e-01
4.501908e-01
4.502333e-01
4.503091e-01
4.504356e-01
4.506192e-01
4.492719e-01
4.493914e-01
4.492237e-01
4.515523e-01
4.490232e-01
4.490569e-01
4.490217e-01
4.489256e-01
4.487287e-01
4.485384e-01
4.484728e-01
4.484263e-01
4.483497e-01
4.482323e-01
4.481880e-01
4.481481e-01
4.481876e-01
4.482589e-01
4.481882e-01
4.481351e-01
4.481338e-01
4.481364e-01
4.417183e-01
4.470158e-01
4.470807e-01
4.470633e-01
4.470890e-01
4.470816e-01
4.470711e-01
4.470575e-01
4.461790e-01
4.482837e-01
4.483193e-01
4.484907e-01
4.480753e-01
4.483670e-01
4.487779e-01
4.487110e-01
4.492482e-01
4.495457e-01
4.499590e-01
4.500939e-01
4.500934e-01
4.501035e-01
4.501210e-01
4.501393e-01
4.501574e-01
4.501788e-01
4.502097e-01
4.502558e-01
4.493630e-01
4.494780e-01
4.517286e-01
4.491514e-01
4.490537e-01
4.490295e-01
4.489362e-01
4.487634e-01
4.485915e-01
4.484479e-01
4.484189e-01
4.483351e-01
4.482700e-01
4.481955e-01
4.482046e-01
4.481438e-01
4.482263e-01
4.482412e-01
4.481722e-01
4.481238e-01
4.481232e-01
4.481388e-01
4.479504e-01
4.464838e-01
4.470698e-01
4.470698e-01
4.470477e-01
4.470992e-01
4.470775e-01
4.470663e-01
4.470721e-01
4.461010e-01
4.486800e-01
4.483050e-01
4.480614e-01
4.480683e-01
4.485212e-01
4.487939e-01
4.486494e-01
4.492673e-01
4.495073e-01
4.496935e-01
4.499688e-01
4.500935e-01
4.500903e-01
4.500986e-01
4.501155e-01
4.501337e-01
4.501515e-01
4.501717e-01
4.496274e-01
4.494275e-01
4.495808e-01
4.491053e-01
4.490400e-01
4.489413e-01
4.487967e-01
4.486227e-01
4.484876e-01
4.483790e-01
4.483694e-01
4.482926e-01
4.482318e-01
4.481750e-01
4.482243e-01
4.481393e-01
4.482410e-01
4.482271e-01
4.481590e-01
4.481152e-01
4.481134e-01
4.481301e-01
4.481250e-01
4.466794e-01
4.470516e-01
4.470875e-01
4.470742e-01
4.470752e-01
4.470827e-01
4.470751e-01
4.470649e-01
4.469072e-01
4.468632e-01
4.489827e-01
4.481115e-01
4.479067e-01
4.481875e-01
4.485976e-01
4.488305e-01
4.489226e-01
4.493793e-01
4.495331e-01
4.496757e-01
4.498084e-01
4.499807e-01
4.500934e-01
4.500883e-01
4.500943e-01
4.501101e-01
4.501285e-01
4.496144e-01
4.506911e-01
4.491972e-01
4.490504e-01
4.489502e-01
4.488273e-01
4.486417e-01
4.485396e-01
4.483900e-01
4.483381e-01
4.483077e-01
4.482588e-01
4.482015e-01
4.481754e-01
4.482322e-01
4.481640e-01
4.482444e-01
4.482163e-01
4.481480e-01
4.481090e-01
4.481055e-01
4.481208e-01
4.481417e-01
4.464754e-01
4.469173e-01
4.470814e-01
4.470756e-01
4.470579e-01
4.471066e-01
4.470800e-01
4.470691e-01
4.470676e-01
4.463658e-01
4.478715e-01
4.484188e-01
4.479684e-01
4.479338e-01
4.482819e-01
4.486815e-01
4.487967e-01
4.489658e-01
4.495494e-01
4.496389e-01
4.497170e-01
4.498061e-01
4.498880e-01
4.499924e-01
4.500935e-01
4.500870e-01
4.500907e-01
4.496206e-01
4.493558e-01
4.490936e-01
4.489665e-01
4.488501e-01
4.486658e-01
4.485614e-01
4.484539e-01
4.482957e-01
4.483135e-01
4.482772e-01
4.482306e-01
4.481794e-01
4.481937e-01
4.482331e-01
4.481608e-01
4.482396e-01
4.482078e-01
4.481393e-01
4.481045e-01
4.480997e-01
4.481116e-01
4.481369e-01
4.480813e-01
4.461283e-01
4.470707e-01
4.470857e-01
4.470756e-01
4.470716e-01
4.470837e-01
4.470757e-01
4.470842e-01
4.470544e-01
4.461143e-01
4.485336e-01
4.479398e-01
4.478964e-01
4.479909e-01
4.483440e-01
4.487819e-01
4.488255e-01
4.492271e-01
4.497346e-01
4.497850e-01
4.498095e-01
4.498477e-01
4.498941e-01
4.499403e-01
4.500030e-01
4.500935e-01
4.481676e-01
4.491709e-01
4.489878e-01
4.488667e-01
4.486984e-01
4.485720e-01
4.485005e-01
4.483632e-01
4.482764e-01
4.482886e-01
4.482520e-01
4.482065e-01
4.481675e-01
4.482185e-01
4.482321e-01
4.481631e-01
4.482403e-01
4.482193e-01
4.481319e-01
4.481013e-01
4.480957e-01
4.481036e-01
4.481280e-01
4.481396e-01
4.445122e-01
4.470415e-01
4.470902e-01
4.470788e-01
4.470604e-01
4.471151e-01
4.470799e-01
4.470819e-01
4.470628e-01
4.467932e-01
4.469051e-01
4.486408e-01
4.477485e-01
4.479026e-01
4.480455e-01
4.484139e-01
4.487600e-01
4.489304e-01
4.494772e-01
4.499040e-01
4.499328e-01
4.499198e-01
4.499178e-01
4.499309e-01
4.499506e-01
4.499751e-01
4.492855e-01
4.489906e-01
4.488578e-01
4.486952e-01
4.485695e-01
4.485126e-01
4.484110e-01
4.482555e-01
4.482769e-01
4.482664e-01
4.482299e-01
4.481862e-01
4.481682e-01
4.482364e-01
4.482309e-01
4.481744e-01
4.482389e-01
4.482119e-01
4.481411e-01
4.480984e-01
4.480927e-01
4.480960e-01
4.481168e-01
4.481461e-01
4.479722e-01
4.464248e-01
4.470775e-01
4.470907e-01
4.470776e-01
4.470153e-01
4.470935e-01
4.470834e-01
4.470783e-01
4.470657e-01
4.467238e-01
4.474884e-01
4.485269e-01
4.477419e-01
4.479102e-01
4.480814e-01
4.485219e-01
4.487314e-01
4.490837e-01
4.498062e-01
4.500503e-01
4.500937e-01
4.500595e-01
4.500178e-01
4.499980e-01
4.499925e-01
4.490773e-01
4.488787e-01
4.487324e-01
4.485818e-01
4.485343e-01
4.484569e-01
4.483375e-01
4.482268e-01
4.482695e-01
4.482468e-01
4.482104e-01
4.481706e-01
4.481819e-01
4.482439e-01
4.482298e-01
4.481977e-01
4.482370e-01
4.482052e-01
4.481345e-01
4.480966e-01
4.480911e-01
4.480917e-01
4.481087e-01
4.481388e-01
4.481347e-01
4.465764e-01
4.470638e-01
4.471009e-01
4.470804e-01
4.470678e-01
4.471375e-01
4.470796e-01
4.470993e-01
4.470632e-01
4.470704e-01
4.458107e-01
4.478353e-01
4.482483e-01
4.478588e-01
4.479159e-01
4.481348e-01
4.485257e-01
4.487607e-01
4.494046e-01
4.499390e-01
4.501502e-01
4.501919e-01
4.501489e-01
4.500885e-01
4.500513e-01
4.489075e-01
4.487653e-01
4.486013e-01
4.485555e-01
4.484908e-01
4.484001e-01
4.482711e-01
4.482220e-01
4.482559e-01
4.482291e-01
4.481928e-01
4.481611e-01
4.482053e-01
4.482455e-01
4.482293e-01
4.482292e-01
4.482353e-01
4.481992e-01
4.481289e-01
4.480954e-01
4.480899e-01
4.480891e-01
4.481018e-01
4.481301e-01
4.481556e-01
4.414763e-01
4.469610e-01
4.470905e-01
4.470847e-01
4.470750e-01
4.470152e-01
4.470850e-01
4.471059e-01
4.470734e-01
4.470983e-01
4.472953e-01
4.463708e-01
4.481919e-01
4.479651e-01
4.479235e-01
4.479149e-01
4.482320e-01
4.484935e-01
4.489737e-01
4.495581e-01
4.500323e-01
4.502226e-01
4.502666e-01
4.502215e-01
4.501493e-01
4.487936e-01
4.486302e-01
4.485758e-01
4.485269e-01
4.484438e-01
4.483429e-01
4.482194e-01
4.482363e-01
4.482411e-01
4.482128e-01
4.481772e-01
4.481596e-01
4.482287e-01
4.482452e-01
4.482296e-01
4.482586e-01
4.482340e-01
4.481936e-01
4.481243e-01
4.480945e-01
4.480893e-01
4.480874e-01
4.480960e-01
4.481219e-01
4.481551e-01
4.480677e-01
4.462114e-01
4.470805e-01
4.470987e-01
4.470784e-01
4.470665e-01
4.471206e-01
4.470929e-01
4.470846e-01
4.470687e-01
4.471358e-01
4.464342e-01
4.467666e-01
4.484406e-01
4.478047e-01
4.479279e-01
4.479402e-01
4.482504e-01
4.485922e-01
4.491083e-01
4.496810e-01
4.500965e-01
4.502730e-01
4.503224e-01
4.502807e-01
4.486655e-01
4.485928e-01
4.485703e-01
4.484876e-01
4.483993e-01
4.482850e-01
4.481851e-01
4.482396e-01
4.482266e-01
4.481976e-01
4.481643e-01
4.481680e-01
4.482444e-01
4.482445e-01
4.482314e-01
4.482770e-01
4.482333e-01
4.481885e-01
4.481202e-01
4.480937e-01
4.480887e-01
4.480863e-01
4.480920e-01
4.481144e-01
4.481479e-01
4.481575e-01
4.468134e-01
4.470577e-01
4.471004e-01
4.470825e-01
4.470728e-01
4.471033e-01
4.470933e-01
4.471144e-01
4.470730e-01
4.470886e-01
4.469581e-01
4.459927e-01
4.473622e-01
4.484926e-01
4.477584e-01
4.478956e-01
4.480127e-01
4.482879e-01
4.486756e-01
4.492344e-01
4.497759e-01
4.501390e-01
4.503071e-01
4.503638e-01
4.486058e-01
4.486176e-01
4.485448e-01
4.484487e-01
4.483555e-01
4.482288e-01
4.481679e-01
4.482319e-01
4.482128e-01
4.481833e-01
4.481551e-01
4.481863e-01
4.482512e-01
4.482437e-01
4.482358e-01
4.482842e-01
4.482330e-01
4.481836e-01
4.481169e-01
4.480932e-01
4.480885e-01
4.480856e-01
4.480891e-01
4.481077e-01
4.481393e-01
4.481715e-01
4.462251e-01
4.468542e-01
4.470937e-01
4.470923e-01
4.470751e-01
4.470443e-01
4.471277e-01
4.471245e-01
4.470794e-01
4.471342e-01
4.461975e-01
4.469239e-01
4.458421e-01
4.478479e-01
4.483249e-01
4.478157e-01
4.478794e-01
4.480612e-01
4.483106e-01
4.487942e-01
4.493426e-01
4.498474e-01
4.501660e-01
4.503284e-01
4.486594e-01
4.486198e-01
4.485118e-01
4.484132e-01
4.483082e-01
4.481798e-01
4.481725e-01
4.482209e-01
4.481993e-01
4.481699e-01
4.481513e-01
4.482100e-01
4.482534e-01
4.482432e-01
4.482439e-01
4.482838e-01
4.482330e-01
4.481787e-01
4.481141e-01
4.480929e-01
4.480883e-01
4.480852e-01
4.480873e-01
4.481021e-01
4.481313e-01
4.481700e-01
4.481048e-01
4.461680e-01
4.470864e-01
4.471036e-01
4.470782e-01
4.470713e-01
4.470959e-01
4.471144e-01
4.470853e-01
4.470760e-01
4.471385e-01
4.468186e-01
4.463105e-01
4.463921e-01
4.482296e-01
4.480692e-01
4.478686e-01
4.479283e-01
4.480440e-01
4.483769e-01
4.489185e-01
4.494353e-01
4.498997e-01
4.501815e-01
