3.343150e-02
1.505821e-01
3.007829e-01
4.704153e-01
6.454735e-01
8.121626e-01
9.578804e-01
1.094889e+00
1.159019e+00
1.176800e+00
1.144363e+00
1.059253e+00
9.213007e-01
7.346729e-01
5.105077e-01
2.683599e-01
3.479781e-02
-1.607012e-01
-2.905197e-01
-3.286686e-01
-2.462908e-01
-6.174254e-02
2.187450e-01
5.822751e-01
1.010371e+00
1.480797e+00
1.968654e+00
2.446228e+00
2.884785e+00
3.260000e+00
3.556562e+00
3.806512e+00
3.908444e+00
3.926625e+00
3.867515e+00
3.739070e+00
3.550436e+00
3.312483e+00
3.037333e+00
2.736704e+00
2.420672e+00
2.097933e+00
1.776742e+00
1.389526e+00
1.099209e+00
8.310730e-01
5.880852e-01
3.730385e-01
1.897867e-01
4.392884e-02
6.694492e-03
1.228304e-01
2.817910e-01
4.694043e-01
6.707501e-01
8.701571e-01
1.052157e+00
1.234217e+00
1.330151e+00
1.373195e+00
1.357680e+00
1.279870e+00
1.138719e+00
9.381374e-01
6.902634e-01
4.175727e-01
1.513350e-01
-7.348257e-02
-2.241316e-01
-2.705572e-01
-1.780059e-01
3.223421e-02
3.520717e-01
7.628483e-01
1.237537e+00
1.746422e+00
2.260492e+00
2.751065e+00
3.190718e+00
3.557364e+00
3.837063e+00
4.055133e+00
4.124640e+00
4.106798e+00
4.010156e+00
3.844472e+00
3.620762e+00
3.351467e+00
3.049374e+00
2.725984e+00
2.391043e+00
2.053318e+00
1.721343e+00
1.326163e+00
1.032847e+00
7.638502e-01
5.220433e-01
3.109099e-01
1.355398e-01
2.920058e-03
-1.025813e-02
1.025098e-01
2.681485e-01
4.718869e-01
6.984462e-01
9.312394e-01
1.152618e+00
1.386940e+00
1.522166e+00
1.598363e+00
1.607301e+00
1.543603e+00
1.405507e+00
1.197297e+00
9.328949e-01
6.381125e-01
3.485306e-01
1.033315e-01
-6.118721e-02
-1.119320e-01
-1.121328e-02
2.168464e-01
5.622780e-01
1.003163e+00
1.507531e+00
2.040117e+00
2.567595e+00
3.056267e+00
3.489064e+00
3.837617e+00
4.091385e+00
4.268262e+00
4.300556e+00
4.244175e+00
4.109478e+00
3.907952e+00
3.652281e+00
3.355909e+00
3.031594e+00
2.690283e+00
2.341378e+00
1.993751e+00
1.655853e+00
1.257811e+00
9.646854e-01
6.976008e-01
4.598098e-01
2.558255e-01
9.200198e-02
-2.352776e-02
-1.795595e-02
8.859270e-02
2.585612e-01
4.759543e-01
7.252728e-01
9.899973e-01
1.251605e+00
1.543633e+00
1.725621e+00
1.844027e+00
1.886830e+00
1.846376e+00
1.720441e+00
1.514972e+00
1.247508e+00
9.481919e-01
6.559158e-01
4.111583e-01
2.498675e-01
2.051682e-01
3.100174e-01
5.392389e-01
8.826038e-01
1.321002e+00
1.824856e+00
2.356846e+00
2.878807e+00
3.354826e+00
3.763393e+00
4.083006e+00
4.301631e+00
4.428989e+00
4.420484e+00
4.324574e+00
4.153206e+00
3.919352e+00
3.636827e+00
3.319343e+00
2.979065e+00
2.626178e+00
2.269738e+00
1.918447e+00
1.580202e+00
1.184885e+00
8.955688e-01
6.337722e-01
4.035043e-01
2.103785e-01
6.184099e-02
-3.324481e-02
-1.677503e-02
7.975711e-02
2.514106e-01
4.798629e-01
7.488789e-01
1.042439e+00
1.342585e+00
1.694683e+00
1.929645e+00
2.099521e+00
2.187090e+00
2.181409e+00
2.080159e+00
1.893350e+00
1.645559e+00
1.373110e+00
1.116563e+00
9.128980e-01
7.902092e-01
7.744755e-01
8.764279e-01
1.076737e+00
1.371050e+00
1.753080e+00
2.206267e+00
2.697963e+00
3.186057e+00
3.630207e+00
4.001191e+00
4.279268e+00
4.453043e+00
4.523040e+00
4.470985e+00
4.335618e+00
4.130280e+00
3.868964e+00
3.565972e+00
3.234564e+00
2.885898e+00
2.529236e+00
2.173040e+00
1.825328e+00
1.492951e+00
1.106663e+00
8.255097e-01
5.731601e-01
3.545050e-01
1.761153e-01
4.618014e-02
-2.613145e-02
-6.874667e-03
7.523231e-02
2.459044e-01
4.831848e-01
7.689797e-01
1.087286e+00
1.421490e+00
1.830529e+00
2.120247e+00
2.347591e+00
2.489208e+00
2.530071e+00
2.468977e+00
2.324205e+00
2.132944e+00
1.940434e+00
1.786333e+00
1.696032e+00
1.675843e+00
1.730707e+00
1.819532e+00
1.945450e+00
2.121477e+00
2.366815e+00
2.691334e+00
3.079417e+00
3.490255e+00
3.874814e+00
4.192477e+00
4.416857e+00
4.536240e+00
4.541440e+00
4.443153e+00
4.268569e+00
4.032169e+00
3.748386e+00
3.431641e+00
3.094076e+00
2.745466e+00
2.393861e+00
2.046600e+00
1.710365e+00
1.390669e+00
1.020693e+00
7.529387e-01
5.149232e-01
3.122911e-01
1.522579e-01
4.337562e-02
-5.349954e-03
9.097309e-03
7.398038e-02
2.422565e-01
4.871837e-01
7.873838e-01
1.125444e+00
1.485638e+00
1.939474e+00
2.275935e+00
2.556528e+00
2.748938e+00
2.838365e+00
2.838089e+00
2.770086e+00
2.690828e+00
2.652800e+00
2.703445e+00
2.849163e+00
3.034097e+00
3.221184e+00
3.291557e+00
3.293783e+00
3.266926e+00
3.268786e+00
3.547507e+00
3.669434e+00
3.888831e+00
4.093672e+00
4.335544e+00
4.492807e+00
4.548496e+00
4.480895e+00
4.332997e+00
4.118538e+00
3.853198e+00
3.551887e+00
3.227638e+00
2.891546e+00
2.551524e+00
2.213920e+00
1.884297e+00
1.567533e+00
1.267705e+00
9.221941e-01
6.738238e-01
4.554723e-01
2.732093e-01
1.345095e-01
4.784861e-02
2.146604e-02
2.337790e-02
7.001784e-02
2.373558e-01
4.927792e-01
8.089563e-01
1.163919e+00
1.540676e+00
2.010164e+00
2.375895e+00
2.691090e+00
2.916652e+00
3.065748e+00
3.111551e+00
3.153512e+00
3.290930e+00
3.685411e+00
3.930334e+00
4.438558e+00
5.562127e+00
5.918979e+00
6.061783e+00
5.884500e+00
4.997029e+00
5.009755e+00
4.505448e+00
4.249227e+00
4.263539e+00
4.351251e+00
4.435019e+00
4.506515e+00
4.468690e+00
4.338703e+00
4.137591e+00
3.883582e+00
3.591862e+00
3.277178e+00
2.951509e+00
2.623842e+00
2.299858e+00
1.984107e+00
1.679776e+00
1.389793e+00
1.116897e+00
7.710602e-01
5.557566e-01
3.694892e-01
2.181410e-01
1.087481e-01
4.882534e-02
4.463764e-02
1.781659e-02
5.647932e-02
2.245015e-01
4.869490e-01
8.124065e-01
1.174245e+00
1.552307e+00
1.936630e+00
2.405208e+00
2.651056e+00
2.908390e+00
3.066744e+00
3.178540e+00
3.355290e+00
3.840227e+00
4.899374e+00
5.629997e+00
6.919796e+00
7.950333e+00
8.601081e+00
8.917567e+00
8.399833e+00
7.834989e+00
6.552294e+00
6.077352e+00
5.114248e+00
4.669858e+00
4.501127e+00
4.456080e+00
4.413259e+00
4.294950e+00
4.098435e+00
3.844482e+00
3.554085e+00
3.243366e+00
2.923120e+00
2.602266e+00
2.289320e+00
1.988185e+00
1.700536e+00
1.427847e+00
1.050554e+00
8.256105e-01
6.208708e-01
4.391910e-01
2.843489e-01
1.612446e-01
7.575396e-02
3.382163e-02
3.964040e-02
4.698525e-03
3.699379e-02
1.982148e-01
4.539654e-01
7.717630e-01
1.122994e+00
1.484808e+00
1.843632e+00
2.176580e+00
2.522694e+00
2.724441e+00
2.843234e+00
2.832963e+00
3.198349e+00
4.002483e+00
5.536778e+00
6.916402e+00
8.114887e+00
9.329707e+00
9.956714e+00
1.005470e+01
9.844801e+00
9.197189e+00
8.152187e+00
6.836355e+00
5.490874e+00
4.773441e+00
4.287632e+00
4.179736e+00
4.079297e+00
3.921888e+00
3.686691e+00
3.400461e+00
3.093101e+00
2.778194e+00
2.469330e+00
2.169297e+00
1.881384e+00
1.610916e+00
1.359127e+00
9.892159e-01
7.898050e-01
6.089358e-01
4.474158e-01
3.065613e-01
1.884419e-01
9.617890e-02
3.387125e-02
5.615816e-03
1.368777e-02
8.904676e-03
2.951985e-02
1.651538e-01
3.840426e-01
6.544144e-01
9.485386e-01
1.242583e+00
1.507683e+00
1.909093e+00
1.989865e+00
1.979273e+00
1.633798e+00
1.639842e+00
1.958208e+00
2.695703e+00
3.728870e+00
4.908300e+00
5.885069e+00
6.318815e+00
5.957970e+00
6.309067e+00
7.220376e+00
6.101191e+00
6.232327e+00
5.838238e+00
4.631369e+00
3.345268e+00
3.052224e+00
3.155541e+00
3.156854e+00
3.099929e+00
2.929769e+00
2.686720e+00
2.413115e+00
2.132772e+00
1.871679e+00
1.622289e+00
1.383437e+00
1.162407e+00
8.073877e-01
6.445299e-01
5.009369e-01
3.756123e-01
2.675871e-01
1.760092e-01
1.006455e-01
4.249666e-02
3.804611e-03
-1.306382e-02
-7.684617e-03
3.294444e-02
3.784756e-02
1.279413e-01
2.771562e-01
4.552509e-01
6.355227e-01
7.911288e-01
8.731643e-01
1.083101e+00
9.987089e-01
3.570209e-01
-3.085936e-01
-5.879540e-01
-5.733445e-01
2.814258e-01
5.988439e-01
7.836204e-01
2.851503e-01
1.248533e+00
6.472569e-01
7.573116e-01
1.575918e+00
7.559992e-01
1.778136e+00
1.134184e+00
1.502258e+00
6.351098e-01
5.412759e-01
4.946569e-01
1.488949e+00
1.727215e+00
1.765333e+00
1.665795e+00
1.505459e+00
1.312478e+00
1.125773e+00
9.563586e-01
7.952405e-01
6.474416e-01
3.676498e-01
2.732648e-01
1.980627e-01
1.396733e-01
9.508318e-02
6.106218e-02
3.515250e-02
1.649082e-02
5.627156e-03
2.785404e-03
5.582380e-03
4.267031e-02
3.376680e-02
6.802066e-02
1.305924e-01
1.972770e-01
2.441322e-01
2.426652e-01
1.243680e-01
-1.305665e-01
-2.557033e-01
-1.305240e+00
-2.068545e+00
-2.482816e+00
-2.128724e+00
-1.463207e+00
-1.395546e+00
-1.420974e+00
-1.401309e+00
-1.546927e+00
-1.778012e+00
-1.846417e+00
-1.906400e+00
-1.744345e+00
-1.398006e+00
-1.167228e+00
-1.310117e+00
-1.665007e+00
-1.760442e+00
-1.769854e+00
-4.816250e-01
1.107702e-01
4.129587e-01
4.962991e-01
4.691561e-01
3.841298e-01
2.886501e-01
1.957238e-01
1.224375e-01
-9.171551e-02
-1.186921e-01
-1.348175e-01
-1.329912e-01
-1.171959e-01
-9.244715e-02
-6.377719e-02
-3.502702e-02
-8.266915e-03
1.509993e-02
3.212485e-02
3.648403e-02
2.493701e-02
6.857739e-04
-2.943726e-02
-6.208808e-02
-1.087357e-01
-1.877238e-01
-3.233103e-01
-6.082897e-01
-8.955551e-01
-1.755882e+00
-2.518930e+00
-3.169679e+00
-2.967922e+00
-2.298323e+00
-1.817115e+00
-1.599207e+00
-1.672562e+00
-1.839173e+00
-1.979523e+00
-2.082705e+00
-2.135823e+00
-2.121988e+00
-2.009839e+00
-1.881375e+00
-1.758525e+00
-1.770957e+00
-2.169842e+00
-2.753987e+00
-3.137982e+00
-2.729332e+00
-1.926073e+00
-1.373807e+00
-7.190729e-01
-6.331807e-01
-6.217145e-01
-6.328594e-01
-6.393549e-01
-6.166991e-01
-7.158659e-01
-6.486785e-01
-5.795724e-01
-4.971602e-01
-4.068336e-01
-3.144365e-01
-2.251061e-01
-1.425327e-01
-6.946432e-02
-9.569145e-03
3.056144e-02
4.086807e-02
7.773750e-03
-4.114231e-02
-1.516778e-01
-2.950366e-01
-4.630109e-01
-6.644053e-01
-9.157417e-01
-1.205134e+00
-1.983662e+00
-2.637435e+00
-3.079837e+00
-3.259739e+00
-2.361059e+00
-1.683840e+00
-1.361254e+00
-1.378591e+00
-1.517066e+00
-1.660167e+00
-1.824983e+00
-1.914058e+00
-1.949840e+00
-1.941902e+00
-1.880527e+00
-1.788062e+00
-1.672420e+00
-1.648247e+00
-1.806323e+00
-2.590852e+00
-3.375505e+00
-3.538889e+00
-3.036492e+00
-2.563254e+00
-2.257670e+00
-2.055534e+00
-1.651675e+00
-1.590672e+00
-1.499488e+00
-1.371910e+00
-1.329198e+00
-1.165842e+00
-1.008927e+00
-8.485716e-01
-6.899911e-01
-5.376781e-01
-3.950051e-01
-2.646502e-01
-1.500362e-01
-5.712868e-02
4.541541e-03
2.243171e-02
1.598325e-02
-6.393163e-02
-2.659899e-01
-5.323574e-01
-8.292671e-01
-1.148743e+00
-1.491854e+00
-2.087708e+00
-2.490948e+00
-2.903429e+00
-3.095276e+00
-2.706017e+00
-1.640949e+00
-1.166233e+00
-1.060453e+00
-1.172573e+00
-1.363868e+00
-1.505826e+00
-1.695735e+00
-1.778462e+00
-1.826875e+00
-1.845028e+00
-1.794039e+00
-1.724906e+00
-1.641585e+00
-1.598396e+00
-1.681994e+00
-2.243434e+00
-3.085617e+00
-3.913777e+00
-3.905813e+00
-3.657290e+00
-3.298378e+00
-3.115974e+00
-2.836023e+00
-2.542722e+00
-2.329803e+00
-2.078182e+00
-2.094795e+00
-1.811697e+00
-1.393626e+00
-1.161036e+00
-9.402082e-01
-7.331608e-01
-5.414159e-01
-3.673003e-01
-2.154263e-01
-9.375539e-02
-1.369476e-02
1.113470e-02
4.471753e-02
-5.742171e-02
-3.386391e-01
-7.192236e-01
-1.139400e+00
-1.565848e+00
-1.975226e+00
-2.504886e+00
-2.693038e+00
-2.817128e+00
-2.496032e+00
-1.632105e+00
-7.920555e-01
-6.564914e-01
-7.276031e-01
-9.379488e-01
-1.176778e+00
-1.396246e+00
-1.546651e+00
-1.669798e+00
-1.732101e+00
-1.770023e+00
-1.745663e+00
-1.703562e+00
-1.646326e+00
-1.586868e+00
-1.614375e+00
-1.921182e+00
-2.534420e+00
-3.748414e+00
-4.232549e+00
-4.345339e+00
-4.260016e+00
-4.099787e+00
-3.855689e+00
-3.453100e+00
-3.094707e+00
-3.007497e+00
-2.608699e+00
-2.245355e+00
-1.902726e+00
-1.439322e+00
-1.157865e+00
-8.965293e-01
-6.564111e-01
-4.405708e-01
-2.549739e-01
-1.088353e-01
-1.423859e-02
1.545446e-02
6.551334e-02
-3.847038e-02
-3.654803e-01
-8.328255e-01
-1.361233e+00
-1.883599e+00
-2.335173e+00
-2.648143e+00
-2.736080e+00
-2.499428e+00
-1.538223e+00
-8.515920e-01
-2.467317e-01
-2.555726e-01
-5.042039e-01
-7.610379e-01
-1.041356e+00
-1.226461e+00
-1.375549e+00
-1.507041e+00
-1.624334e+00
-1.677868e+00
-1.681479e+00
-1.671500e+00
-1.633101e+00
-1.592337e+00
-1.580533e+00
-1.715420e+00
-2.252195e+00
-3.329960e+00
-4.329135e+00
-4.828424e+00
-4.972927e+00
-4.846605e+00
-4.707478e+00
-4.309837e+00
-3.746716e+00
-3.490904e+00
-3.039182e+00
-2.605141e+00
-2.194255e+00
-1.809566e+00
-1.332181e+00
-1.020616e+00
-7.373151e-01
-4.861816e-01
-2.737843e-01
-1.095060e-01
-5.017196e-03
2.765959e-02
5.699443e-02
-3.567037e-02
-3.759398e-01
-8.954455e-01
-1.504390e+00
-2.099287e+00
-2.567425e+00
-2.809767e+00
-2.566463e+00
-1.827836e+00
-9.790869e-01
-9.219177e-02
1.215989e-01
-9.901904e-03
-3.154257e-01
-6.066452e-01
-9.137629e-01
-1.048273e+00
-1.233443e+00
-1.366080e+00
-1.505021e+00
-1.552864e+00
-1.614703e+00
-1.621204e+00
-1.610530e+00
-1.579746e+00
-1.567955e+00
-1.642906e+00
-2.012243e+00
-2.896312e+00
-4.224085e+00
-5.194355e+00
-5.491969e+00
-5.485833e+00
-5.292425e+00
-4.836637e+00
-4.369839e+00
-3.842189e+00
-3.342469e+00
-2.855154e+00
-2.393520e+00
-1.962647e+00
-1.564440e+00
-1.100845e+00
-7.871869e-01
-5.125474e-01
-2.831399e-01
-1.078241e-01
2.636616e-03
3.805118e-02
2.909507e-02
-6.145503e-02
-3.944460e-01
-9.187110e-01
-1.546980e+00
-2.160685e+00
-2.625243e+00
-2.784808e+00
-2.461898e+00
-1.531323e+00
-2.749378e-01
3.517682e-01
3.987724e-01
1.726801e-01
-1.531289e-01
-4.256617e-01
-7.221760e-01
-9.197419e-01
-1.115856e+00
-1.263118e+00
-1.388766e+00
-1.469775e+00
-1.537977e+00
-1.580446e+00
-1.590108e+00
-1.577401e+00
-1.559732e+00
-1.592221e+00
-1.821153e+00
-2.545017e+00
-4.017369e+00
-5.277205e+00
-5.820834e+00
-5.823308e+00
-5.522769e+00
-5.069806e+00
-4.552659e+00
-4.031611e+00
-3.496967e+00
-2.980276e+00
-2.492244e+00
-2.037878e+00
-1.619986e+00
-1.151390e+00
-8.214790e-01
-5.347748e-01
-2.968703e-01
-1.160277e-01
-1.919874e-03
3.724676e-02
2.645511e-02
-7.995723e-02
-3.954630e-01
-8.715919e-01
-1.436654e+00
-1.997646e+00
-2.442621e+00
-2.631202e+00
-2.358332e+00
-1.437195e+00
-2.099795e-01
4.391175e-01
4.751596e-01
2.387011e-01
-4.314222e-02
-3.603475e-01
-6.153293e-01
-8.408707e-01
-1.032199e+00
-1.178194e+00
-1.298657e+00
-1.439649e+00
-1.506333e+00
-1.550351e+00
-1.571840e+00
-1.566679e+00
-1.551241e+00
-1.574102e+00
-1.784298e+00
-2.503697e+00
-4.076394e+00
-5.144237e+00
-5.809814e+00
-5.807302e+00
-5.515221e+00
-5.034277e+00
-4.608788e+00
-4.003047e+00
-3.485345e+00
-2.975423e+00
-2.492113e+00
-2.040928e+00
-1.625161e+00
-1.158253e+00
-8.293120e-01
-5.436077e-01
-3.069132e-01
-1.273022e-01
-1.379891e-02
2.617148e-02
4.139116e-02
-8.167474e-02
-3.660417e-01
-7.637227e-01
-1.222251e+00
-1.685384e+00
-2.085510e+00
-2.331660e+00
-2.217638e+00
-1.708963e+00
-6.684544e-01
2.216590e-01
4.546874e-01
2.580084e-01
-2.943202e-02
-3.335268e-01
-5.833054e-01
-7.931162e-01
-9.773685e-01
-1.171194e+00
-1.298314e+00
-1.407848e+00
-1.497993e+00
-1.550192e+00
-1.567620e+00
-1.563617e+00
-1.548136e+00
-1.587350e+00
-1.900641e+00
-2.834380e+00
-4.055830e+00
-5.074554e+00
-5.498590e+00
-5.459225e+00
-5.186782e+00
-4.717276e+00
-4.309554e+00
-3.758746e+00
-3.295205e+00
-2.832104e+00
-2.386988e+00
-1.965046e+00
-1.570463e+00
-1.121607e+00
-8.031421e-01
-5.263814e-01
-2.979328e-01
-1.257684e-01
-1.835281e-02
1.713569e-02
5.513980e-02
-7.079319e-02
-3.105775e-01
-6.208010e-01
-9.648347e-01
-1.315055e+00
-1.713028e+00
-1.939639e+00
-2.070557e+00
-1.883672e+00
-1.168419e+00
-3.116222e-02
2.452657e-01
1.171469e-01
-6.936420e-02
-3.767709e-01
-5.530337e-01
-8.539479e-01
-1.015035e+00
-1.215300e+00
-1.341408e+00
-1.433258e+00
-1.518337e+00
-1.570564e+00
-1.592732e+00
-1.573834e+00
-1.560528e+00
-1.604400e+00
-2.131300e+00
-3.213576e+00
-4.090584e+00
-4.616038e+00
-4.704140e+00
-4.801617e+00
-4.547481e+00
-4.142179e+00
-3.696481e+00
-3.325819e+00
-2.945177e+00
-2.558879e+00
-2.176578e+00
-1.803669e+00
-1.445744e+00
-1.029757e+00
-7.313741e-01
-4.720260e-01
-2.594501e-01
-1.015014e-01
-6.010744e-03
2.013270e-02
5.805846e-02
-5.120642e-02
-2.358214e-01
-4.609222e-01
-7.034050e-01
-9.542606e-01
-1.270836e+00
-1.523386e+00
-1.836413e+00
-1.959840e+00
-1.659950e+00
-8.497665e-01
-1.617285e-01
-5.581977e-02
-2.377556e-01
-4.500676e-01
-7.098719e-01
-8.819165e-01
-1.127877e+00
-1.293852e+00
-1.408277e+00
-1.487375e+00
-1.587579e+00
-1.632343e+00
-1.648327e+00
-1.617817e+00
-1.623983e+00
-1.772982e+00
-2.459976e+00
-3.470887e+00
-3.938970e+00
-4.035550e+00
-3.897713e+00
-3.931412e+00
-3.485596e+00
-3.437640e+00
-3.086164e+00
-2.796038e+00
-2.500420e+00
-2.197240e+00
-1.886858e+00
-1.574001e+00
-1.264799e+00
-8.962809e-01
-6.279509e-01
-3.938646e-01
-2.028963e-01
-6.299757e-02
1.841719e-02
3.491011e-02
6.028549e-02
-1.117396e-02
-1.297762e-01
-2.719870e-01
-4.268769e-01
-5.972605e-01
-8.510382e-01
-1.136137e+00
-1.401969e+00
-1.888936e+00
-2.125993e+00
-1.855776e+00
-8.621289e-01
-4.677336e-01
-4.780506e-01
-7.094796e-01
-9.442614e-01
-1.073064e+00
-1.264430e+00
-1.425669e+00
-1.573381e+00
-1.626601e+00
-1.684225e+00
-1.749316e+00
-1.733460e+00
-1.728626e+00
-1.798102e+00
-2.104877e+00
-3.046372e+00
-3.671010e+00
-3.524956e+00
-3.200296e+00
-2.971993e+00
-2.816760e+00
-2.684198e+00
-2.527843e+00
-2.453396e+00
-2.231112e+00
-2.008973e+00
-1.781273e+00
-1.542824e+00
-1.295367e+00
-1.044402e+00
-7.380409e-01
-5.109982e-01
-3.111691e-01
-1.478142e-01
-2.899120e-02
3.813235e-02
4.749697e-02
7.715771e-02
6.362852e-02
2.475832e-02
-2.907098e-02
-9.653390e-02
-1.879181e-01
-3.801740e-01
-6.388565e-01
-1.097574e+00
-1.619883e+00
-2.203201e+00
-2.435413e+00
-1.701590e+00
-1.166162e+00
-9.795395e-01
-1.085624e+00
-1.210855e+00
-1.384426e+00
-1.493706e+00
-1.678865e+00
-1.757412e+00
-1.847294e+00
-1.877531e+00
-1.889787e+00
-1.845791e+00
-1.916108e+00
-2.021587e+00
-2.726105e+00
-3.358276e+00
-3.513836e+00
-2.976966e+00
-2.365225e+00
-2.069829e+00
-1.928505e+00
-1.843096e+00
-1.752828e+00
-1.779414e+00
-1.617227e+00
-1.463700e+00
-1.309897e+00
-1.147165e+00
-9.719365e-01
-7.890233e-01
-5.601187e-01
-3.871332e-01
-2.327231e-01
-1.050216e-01
-1.131632e-02
4.167436e-02
4.797740e-02
8.228827e-02
1.322273e-01
1.826452e-01
2.296916e-01
2.646843e-01
2.739941e-01
1.968798e-01
1.756661e-02
-3.063745e-01
-8.591189e-01
-1.718900e+00
-2.509350e+00
-2.438306e+00
-1.888495e+00
-1.498187e+00
-1.490479e+00
-1.579464e+00
-1.718973e+00
-1.876461e+00
-1.981994e+00
-2.055852e+00
-2.092183e+00
-2.091244e+00
-2.050545e+00
-1.998789e+00
-2.029784e+00
-2.247958e+00
-2.797426e+00
-3.043164e+00
-2.352553e+00
-1.630670e+00
-1.167635e+00
-9.412030e-01
-8.758560e-01
-8.780065e-01
-8.869335e-01
-8.658551e-01
-9.627154e-01
-8.851517e-01
-8.132182e-01
-7.321405e-01
-6.345369e-01
-5.248062e-01
-3.801031e-01
-2.667368e-01
-1.627649e-01
-7.413351e-02
-6.157645e-03
3.601747e-02
4.714996e-02
3.133015e-02
1.209451e-01
2.467469e-01
3.937726e-01
5.434846e-01
6.762948e-01
7.698902e-01
7.386422e-01
5.724768e-01
1.846173e-01
-5.602024e-01
-1.456192e+00
-1.858648e+00
-1.854051e+00
-1.651815e+00
-1.629242e+00
-1.788728e+00
-1.981503e+00
-2.107721e+00
-2.197762e+00
-2.234059e+00
-2.205095e+00
-2.057181e+00
-1.950133e+00
-1.676815e+00
-1.629414e+00
-1.777616e+00
-1.734068e+00
-1.274891e+00
-5.418193e-01
1.493626e-02
2.559530e-01
2.704945e-01
1.723111e-01
3.767885e-02
-9.100860e-02
-1.741910e-01
-3.531329e-01
-3.533634e-01
-3.558171e-01
-3.483863e-01
-3.223286e-01
-2.817301e-01
-2.184817e-01
-1.641529e-01
-1.113979e-01
-6.384943e-02
-2.447125e-02
4.024672e-03
1.875663e-02
-1.492480e-02
8.043745e-02
2.455493e-01
4.597377e-01
7.022452e-01
9.541737e-01
1.242538e+00
1.405542e+00
1.479704e+00
1.715618e+00
1.557053e+00
5.568156e-01
1.481695e-01
2.830859e-01
8.883000e-01
8.703737e-01
-1.729099e-02
-1.028892e+00
-1.256942e+00
-1.649975e+00
-1.551261e+00
-8.952784e-01
-2.661976e-01
1.514195e-01
1.224915e+00
1.068239e+00
1.393242e+00
1.080233e+00
1.051993e+00
1.306861e+00
1.442753e+00
1.400608e+00
1.230664e+00
9.996898e-01
7.597302e-01
5.445302e-01
3.860569e-01
1.302284e-01
6.696708e-02
2.229068e-03
-5.002145e-02
-8.397382e-02
-1.033382e-01
-1.126838e-01
-1.116301e-01
-1.050547e-01
-9.429729e-02
-8.060259e-02
-6.538747e-02
-5.035982e-02
9.248657e-03
9.414429e-02
2.753458e-01
5.279266e-01
8.305551e-01
1.166064e+00
1.519302e+00
1.951331e+00
2.259682e+00
2.550449e+00
2.741387e+00
2.825244e+00
2.667243e+00
3.317146e+00
4.500352e+00
5.562527e+00
5.719201e+00
6.511892e+00
5.974371e+00
7.357232e+00
4.900374e+00
4.517592e+00
8.101203e+00
8.230901e+00
5.819971e+00
4.818701e+00
4.142975e+00
3.119450e+00
3.030310e+00
2.924628e+00
2.787469e+00
2.560622e+00
2.269934e+00
1.950277e+00
1.635770e+00
1.354870e+00
1.139394e+00
7.901520e-01
6.702819e-01
5.424157e-01
4.291177e-01
3.358502e-01
2.582122e-01
1.791819e-01
1.292670e-01
9.130839e-02
6.557393e-02
5.185335e-02
4.917586e-02
5.593808e-02
2.848961e-02
9.389092e-02
2.730291e-01
5.377237e-01
8.657700e-01
1.241898e+00
1.653426e+00
2.182542e+00
2.542733e+00
2.916670e+00
3.220614e+00
3.453302e+00
3.711693e+00
4.313327e+00
5.027412e+00
6.828416e+00
8.407471e+00
1.046726e+01
1.179039e+01
1.222529e+01
1.238353e+01
1.146799e+01
1.071657e+01
8.794832e+00
6.861012e+00
5.217442e+00
4.443984e+00
3.801941e+00
3.638346e+00
3.486810e+00
3.302553e+00
3.048116e+00
2.739288e+00
2.403657e+00
2.068974e+00
1.768561e+00
1.514928e+00
1.170121e+00
9.795772e-01
7.993423e-01
6.414617e-01
5.043616e-01
3.851016e-01
2.585661e-01
1.747694e-01
1.067990e-01
5.533561e-02
2.104519e-02
4.405746e-03
5.634979e-03
6.989793e-02
1.230834e-01
3.030022e-01
5.803447e-01
9.276861e-01
1.324410e+00
1.753829e+00
2.197964e+00
2.630107e+00
3.013745e+00
3.321258e+00
3.547917e+00
3.733540e+00
4.099754e+00
4.519729e+00
5.101552e+00
6.325919e+00
7.911753e+00
8.077559e+00
8.706339e+00
8.399000e+00
8.512206e+00
7.109019e+00
6.733778e+00
5.481218e+00
4.593545e+00
4.194920e+00
3.951686e+00
3.782055e+00
3.663209e+00
3.498722e+00
3.275117e+00
2.999383e+00
2.691250e+00
2.377769e+00
2.088807e+00
1.828004e+00
1.464350e+00
1.239607e+00
1.029544e+00
8.408720e-01
6.723433e-01
5.223279e-01
3.892639e-01
2.741739e-01
1.779622e-01
1.019858e-01
4.763868e-02
1.600895e-02
7.709997e-03
4.933232e-02
9.966991e-02
2.788815e-01
5.575371e-01
9.054053e-01
1.297595e+00
1.713910e+00
2.132941e+00
2.533757e+00
2.888555e+00
3.173172e+00
3.373024e+00
3.511047e+00
3.632716e+00
3.807608e+00
4.164221e+00
4.578889e+00
5.045892e+00
5.882063e+00
6.067636e+00
6.152974e+00
5.433234e+00
5.426626e+00
4.698256e+00
4.533872e+00
3.975000e+00
3.852762e+00
3.776639e+00
3.715235e+00
3.603342e+00
3.487318e+00
3.310562e+00
3.080371e+00
2.812876e+00
2.531890e+00
2.256066e+00
1.991517e+00
1.649556e+00
1.408570e+00
1.186288e+00
9.842485e-01
8.012860e-01
6.125831e-01
4.679174e-01
3.414167e-01
2.342063e-01
1.479665e-01
8.464255e-02
4.612512e-02
3.392883e-02
2.675028e-02
7.726494e-02
2.496473e-01
5.158963e-01
8.460780e-01
1.213820e+00
1.596866e+00
1.973536e+00
2.323392e+00
2.627945e+00
2.873103e+00
3.039501e+00
3.134611e+00
3.186221e+00
3.213474e+00
3.377217e+00
3.556386e+00
3.737625e+00
3.904310e+00
3.796899e+00
3.724755e+00
3.938672e+00
3.489105e+00
3.631023e+00
3.251474e+00
3.310745e+00
3.350388e+00
3.390873e+00
3.429553e+00
3.418977e+00
3.282369e+00
3.164087e+00
2.987079e+00
2.767086e+00
2.522617e+00
2.268261e+00
1.952459e+00
1.699795e+00
1.458775e+00
1.235029e+00
1.029539e+00
7.990386e-01
6.332901e-01
4.850605e-01
3.550338e-01
2.443543e-01
1.545472e-01
8.744545e-02
4.499005e-02
2.904820e-02
1.197380e-02
6.355394e-02
2.232448e-01
4.651241e-01
7.614239e-01
1.086873e+00
1.419592e+00
1.739232e+00
2.026963e+00
2.271059e+00
2.463271e+00
2.586276e+00
2.635879e+00
2.630295e+00
2.566744e+00
2.594403e+00
2.400908e+00
2.441899e+00
2.336954e+00
2.280599e+00
2.464370e+00
2.162090e+00
2.407549e+00
2.642520e+00
2.398259e+00
2.575562e+00
2.724590e+00
2.884474e+00
2.985494e+00
3.039111e+00
2.932822e+00
2.872981e+00
2.756913e+00
2.590008e+00
2.387918e+00
2.166428e+00
1.901164e+00
1.662196e+00
1.432626e+00
1.217075e+00
9.614683e-01
7.839107e-01
6.220080e-01
4.763243e-01
3.479405e-01
2.382801e-01
1.489468e-01
8.159890e-02
3.793626e-02
1.962635e-02
2.665675e-03
5.392791e-02
1.949998e-01
4.024959e-01
6.521677e-01
9.218441e-01
1.192114e+00
1.445337e+00
1.665304e+00
1.842319e+00
1.971854e+00
2.045072e+00
2.049186e+00
1.985880e+00
1.862877e+00
1.816348e+00
1.584162e+00
1.345695e+00
1.391966e+00
1.269773e+00
1.087720e+00
1.251787e+00
1.490948e+00
1.369347e+00
1.600861e+00
1.830784e+00
2.046046e+00
2.288929e+00
2.449524e+00
2.560305e+00
2.490767e+00
2.487953e+00
2.425937e+00
2.312365e+00
2.157187e+00
1.975983e+00
1.772858e+00
1.560789e+00
1.353068e+00
1.088101e+00
9.106413e-01
7.455582e-01
5.940629e-01
4.564840e-01
3.342187e-01
2.290782e-01
1.429892e-01
7.775013e-02
3.498576e-02
1.614982e-02
-2.917007e-03
4.476598e-02
1.611960e-01
3.262999e-01
5.204396e-01
7.259067e-01
9.269952e-01
1.109393e+00
1.260145e+00
1.369239e+00
1.434490e+00
1.452227e+00
1.407019e+00
1.295156e+00
8.971033e-01
1.049455e+00
8.124948e-01
5.961158e-01
4.618309e-01
2.715961e-01
2.545297e-01
4.888058e-01
3.400233e-01
6.773133e-01
8.821644e-01
1.128068e+00
1.379426e+00
1.671907e+00
1.872759e+00
2.024456e+00
1.989741e+00
2.033493e+00
2.022418e+00
1.960104e+00
1.855053e+00
1.720719e+00
1.567165e+00
1.406163e+00
1.150440e+00
9.874290e-01
8.322185e-01
6.860543e-01
5.504129e-01
4.258727e-01
3.139403e-01
2.166527e-01
1.362514e-01
7.488093e-02
3.437718e-02
1.620831e-02
-5.228153e-03
3.537941e-02
1.225896e-01
2.404970e-01
3.747450e-01
5.126552e-01
6.426649e-01
7.538579e-01
8.360122e-01
8.801262e-01
8.826652e-01
8.403551e-01
7.503143e-01
3.869157e-01
1.861378e-01
8.885003e-02
-1.129664e-01
-2.778398e-01
-3.810812e-01
-4.107295e-01
-3.982018e-01
-3.164205e-01
-1.761177e-01
-6.997472e-02
2.362899e-01
3.927062e-01
6.524466e-01
9.043046e-01
1.126609e+00
1.313096e+00
1.453220e+00
1.538193e+00
1.570381e+00
1.556000e+00
1.500456e+00
1.414752e+00
1.306754e+00
1.094549e+00
9.877039e-01
8.558409e-01
7.276385e-01
6.051500e-01
4.898389e-01
3.826430e-01
2.850244e-01
1.989794e-01
1.268794e-01
7.115250e-02
3.397871e-02
1.709701e-02
-4.849594e-03
2.639187e-02
8.242992e-02
1.521315e-01
2.265653e-01
2.979742e-01
3.587992e-01
4.012339e-01
4.174751e-01
4.003869e-01
3.453031e-01
7.748510e-02
-7.455787e-02
-2.622397e-01
-4.648218e-01
-5.653227e-01
-7.430043e-01
-8.847464e-01
-9.764900e-01
-1.014988e+00
-1.002009e+00
-9.291442e-01
-8.073716e-01
-6.560956e-01
-4.540825e-01
-2.130043e-01
4.462725e-02
2.992622e-01
5.337343e-01
7.378781e-01
9.031636e-01
1.018226e+00
1.088344e+00
1.116063e+00
1.107922e+00
1.070425e+00
9.156824e-01
8.453290e-01
7.641402e-01
6.974414e-01
5.998227e-01
5.043427e-01
4.127637e-01
3.262792e-01
2.462788e-01
1.745712e-01
1.134252e-01
6.534053e-02
3.275267e-02
1.773831e-02
-2.316292e-03
1.830275e-02
4.326849e-02
6.637338e-02
8.381604e-02
9.231569e-02
8.792151e-02
6.569183e-02
2.017445e-02
-5.364514e-02
-1.592066e-01
-4.676627e-01
-6.477442e-01
-8.456072e-01
-1.049778e+00
-1.153162e+00
-1.321315e+00
-1.452232e+00
-1.538221e+00
-1.575345e+00
-1.561638e+00
-1.496327e+00
-1.380516e+00
-1.219342e+00
-1.020780e+00
-7.905325e-01
-5.387676e-01
-2.863341e-01
-4.724824e-02
1.649549e-01
3.459392e-01
4.863049e-01
5.886709e-01
6.564227e-01
6.928797e-01
6.091301e-01
6.011950e-01
5.751032e-01
5.350955e-01
5.187824e-01
4.538718e-01
3.875808e-01
3.218769e-01
2.582293e-01
1.980157e-01
1.428750e-01
9.484764e-02
5.631726e-02
2.977035e-02
1.752896e-02
2.312310e-03
1.064668e-02
5.122558e-03
-1.582561e-02
-5.152874e-02
-1.013879e-01
-1.661583e-01
-2.480973e-01
-3.502953e-01
-4.755329e-01
-7.793663e-01
-9.653495e-01
-1.167206e+00
-1.377702e+00
-1.587273e+00
-1.784765e+00
-1.864168e+00
-1.993844e+00
-2.080112e+00
-2.118213e+00
-2.105492e+00
-2.041593e+00
-1.928917e+00
-1.772262e+00
-1.578049e+00
-1.354514e+00
-1.112464e+00
-8.649595e-01
-6.253743e-01
-4.048770e-01
-2.106961e-01
-4.621686e-02
8.793409e-02
1.929331e-01
1.840193e-01
2.421825e-01
2.786221e-01
2.957035e-01
2.965008e-01
2.845401e-01
2.632886e-01
2.606674e-01
2.217177e-01
1.817504e-01
1.422206e-01
1.046935e-01
7.102030e-02
4.337746e-02
2.415004e-02
1.572337e-02
8.131283e-03
1.016064e-03
-3.470239e-02
-9.676901e-02
-1.810769e-01
-2.840360e-01
-4.037855e-01
-5.402194e-01
-8.206052e-01
-1.008323e+00
-1.211921e+00
-1.428486e+00
-1.653399e+00
-1.880344e+00
-2.101425e+00
-2.307482e+00
-2.488817e+00
-2.531049e+00
-2.622911e+00
-2.665751e+00
-2.656374e+00
-2.594772e+00
-2.484410e+00
-2.331139e+00
-2.141880e+00
-1.924382e+00
-1.687701e+00
-1.442226e+00
-1.199001e+00
-9.680601e-01
-7.564407e-01
-5.678043e-01
-4.033794e-01
-3.409638e-01
-2.192545e-01
-1.190899e-01
-4.016204e-02
1.843799e-02
5.867357e-02
8.337079e-02
9.562314e-02
9.830318e-02
1.177282e-01
1.011967e-01
8.215936e-02
6.220225e-02
4.308354e-02
2.682158e-02
1.564357e-02
1.186334e-02
1.174391e-02
-1.470183e-02
-8.008253e-02
-1.795609e-01
-3.070262e-01
-4.571442e-01
-6.262426e-01
-8.123027e-01
-1.146363e+00
-1.376973e+00
-1.618576e+00
-1.867738e+00
-2.120026e+00
-2.369875e+00
-2.610349e+00
-2.833164e+00
-3.029225e+00
-3.189593e+00
-3.183168e+00
-3.233959e+00
-3.230418e+00
-3.172690e+00
-3.064640e+00
-2.912563e+00
-2.723776e+00
-2.506309e+00
-2.268655e+00
-2.019507e+00
-1.767985e+00
-1.522958e+00
-1.291157e+00
-1.076397e+00
-9.490909e-01
-7.683114e-01
-6.069869e-01
-4.659269e-01
-3.460510e-01
-2.476206e-01
-1.696563e-01
-1.099870e-01
-6.585357e-02
-3.447148e-02
-1.337762e-02
2.109032e-02
2.154141e-02
1.831619e-02
1.316892e-02
8.021845e-03
4.981757e-03
6.256954e-03
7.330717e-03
-4.653905e-02
-1.462055e-01
-2.857305e-01
-4.586711e-01
-6.591951e-01
-8.825637e-01
-1.188233e+00
-1.450038e+00
-1.723735e+00
-2.005882e+00
-2.292708e+00
-2.579830e+00
-2.861767e+00
-3.131434e+00
-3.380160e+00
-3.598471e+00
-3.777283e+00
-3.908744e+00
-3.997112e+00
-4.002630e+00
-3.950349e+00
-3.844216e+00
-3.690455e+00
-3.496554e+00
-3.270903e+00
-3.022021e+00
-2.757652e+00
-2.485454e+00
-2.213366e+00
-1.948013e+00
-1.632209e+00
-1.395593e+00
-1.175496e+00
-9.737290e-01
-7.921128e-01
-6.324177e-01
-4.957323e-01
-3.818373e-01
-2.891425e-01
-2.151789e-01
-1.571807e-01
-1.125524e-01
-7.211873e-02
-4.964615e-02
-3.397194e-02
-2.327722e-02
-1.566208e-02
-9.118521e-03
-1.573075e-03
-2.426357e-03
-7.762771e-02
-2.007631e-01
-3.665622e-01
-5.695660e-01
-8.045282e-01
-1.066572e+00
-1.425284e+00
-1.731910e+00
-2.051527e+00
-2.380104e+00
-2.713461e+00
-3.046650e+00
-3.373129e+00
-3.684290e+00
-3.969773e+00
-4.218901e+00
-4.422208e+00
-4.572130e+00
-4.675944e+00
-4.688493e+00
-4.639086e+00
-4.531841e+00
-4.372943e+00
-4.169723e+00
-3.930387e+00
-3.663234e+00
-3.375765e+00
-3.075464e+00
-2.770449e+00
-2.467972e+00
-2.101333e+00
-1.822028e+00
-1.558933e+00
-1.314958e+00
-1.092594e+00
-8.940055e-01
-7.206643e-01
-5.727936e-01
-4.492236e-01
-3.477025e-01
-2.654625e-01
-1.996926e-01
-1.367504e-01
-9.904651e-02
-7.035632e-02
-4.873943e-02
-3.225033e-02
-1.891525e-02
-6.739990e-03
-1.041563e-02
-1.044062e-01
-2.472388e-01
-4.351174e-01
-6.640678e-01
-9.298895e-01
-1.228116e+00
-1.639387e+00
-1.993552e+00
-2.365254e+00
-2.750048e+00
-3.142893e+00
-3.537178e+00
-3.923859e+00
-4.291286e+00
-4.626268e+00
-4.916279e+00
-5.151281e+00
-5.324049e+00
-5.445217e+00
-5.463952e+00
-5.414859e+00
-5.302522e+00
-5.133187e+00
-4.913952e+00
-4.652490e+00
-4.356550e+00
-4.033652e+00
-3.691957e+00
-3.340739e+00
-2.988701e+00
-2.557972e+00
-2.227887e+00
-1.916250e+00
-1.627041e+00
-1.363059e+00
-1.126295e+00
-9.180069e-01
-7.383873e-01
-5.863695e-01
-4.598092e-01
-3.558637e-01
-2.715068e-01
-1.891734e-01
-1.385877e-01
-9.903163e-02
-6.834294e-02
-4.446941e-02
-2.542074e-02
-9.255270e-03
-8.293692e-03
-1.184830e-01
-2.783763e-01
-4.858547e-01
-7.385540e-01
-1.033602e+00
-1.367590e+00
-1.834005e+00
-2.241429e+00
-2.674780e+00
-3.129027e+00
-3.597346e+00
-4.070062e+00
-4.534076e+00
-4.973342e+00
-5.371038e+00
-5.712465e+00
-5.986911e+00
-6.187428e+00
-6.328256e+00
-6.352326e+00
-6.300537e+00
-6.178066e+00
-5.991239e+00
-5.746914e+00
-5.452327e+00
-5.114873e+00
-4.742419e+00
-4.344430e+00
-3.932107e+00
-3.516377e+00
-3.006035e+00
-2.615157e+00
-2.247535e+00
-1.908408e+00
-1.600746e+00
-1.325899e+00
-1.084227e+00
-8.752445e-01
-6.975109e-01
-5.486770e-01
-4.257440e-01
-3.254143e-01
-2.268272e-01
-1.657379e-01
-1.175168e-01
-7.972467e-02
-5.013638e-02
-2.668311e-02
-7.423296e-03
7.983450e-03
-1.171746e-01
-2.933098e-01
-5.198787e-01
-7.961411e-01
-1.120934e+00
-1.492618e+00
-2.020067e+00
-2.489155e+00
-2.995986e+00
-3.534258e+00
-4.094059e+00
-4.661111e+00
-5.216875e+00
-5.740190e+00
-6.210460e+00
-6.611085e+00
-6.930786e+00
-7.162786e+00
-7.325040e+00
-7.353648e+00
-7.296453e+00
-7.158969e+00
-6.947314e+00
-6.668043e+00
-6.328457e+00
-5.936423e+00
-5.500684e+00
-5.032274e+00
-4.544825e+00
-4.052234e+00
-3.447823e+00
-2.986491e+00
-2.555080e+00
-2.160322e+00
-1.805613e+00
-1.491624e+00
-1.217420e+00
-9.811921e-01
-7.804942e-01
-6.123234e-01
-4.732407e-01
-3.596073e-01
-2.478412e-01
-1.785240e-01
-1.237432e-01
-8.076793e-02
-4.715699e-02
-2.071735e-02
5.494667e-04
3.486261e-02
-1.059221e-01
-2.993568e-01
-5.463889e-01
-8.480473e-01
-1.205317e+00
-1.619045e+00
-2.216167e+00
-2.756593e+00
-3.348379e+00
-3.982635e+00
-4.644809e+00
-5.314670e+00
-5.967627e+00
-6.577667e+00
-7.121486e+00
-7.581562e+00
-7.946451e+00
-8.209516e+00
-8.392137e+00
-8.424002e+00
-8.359462e+00
-8.203805e+00
-7.962219e+00
-7.640660e+00
-7.247140e+00
-6.791244e+00
-6.283198e+00
-5.735473e+00
-5.164107e+00
-4.586437e+00
-3.879239e+00
-3.341684e+00
-2.841371e+00
-2.386388e+00
-1.980939e+00
-1.625601e+00
-1.318436e+00
-1.056113e+00
-8.346586e-01
-6.498567e-01
-4.974206e-01
-3.731203e-01
-2.511505e-01
-1.757291e-01
-1.163235e-01
-6.992256e-02
-3.387102e-02
-5.812407e-03
1.632876e-02
6.142446e-02
-9.732113e-02
-3.107136e-01
-5.812713e-01
-9.120818e-01
-1.306674e+00
-1.768695e+00
-2.445146e+00
-3.065104e+00
-3.748808e+00
-4.483019e+00
-5.247124e+00
-6.014493e+00
-6.755186e+00
-7.440179e+00
-8.045525e+00
-8.554206e+00
-8.955062e+00
-9.241702e+00
-9.437892e+00
-9.469570e+00
-9.395640e+00
-9.220400e+00
-8.947084e+00
-8.580596e+00
-8.130479e+00
-7.609550e+00
-7.030259e+00
-6.405891e+00
-5.753865e+00
-5.094245e+00
-4.287577e+00
-3.675727e+00
-3.107335e+00
-2.591458e+00
-2.133257e+00
-1.734081e+00
-1.392084e+00
-1.103113e+00
-8.617287e-01
-6.620963e-01
-4.985868e-01
-3.659869e-01
-2.365722e-01
-1.569961e-01
-9.469746e-02
-4.641948e-02
-9.300210e-03
1.915710e-02
4.112245e-02
