2.187137e-01
3.883364e-02
-8.181526e-02
-1.564779e-01
-1.944107e-01
-2.007035e-01
-1.788269e-01
-1.211645e-01
-6.308860e-02
-6.767023e-03
3.902252e-02
7.011752e-02
8.639876e-02
9.012725e-02
8.548638e-02
7.782337e-02
7.028331e-02
6.069793e-02
4.438540e-02
1.385221e-02
-1.187135e-02
-3.136585e-02
-4.132675e-02
-4.152085e-02
-3.234528e-02
-1.484282e-02
7.124672e-03
2.713962e-02
4.017110e-02
4.556229e-02
4.593074e-02
4.418981e-02
4.352667e-02
4.415032e-02
4.559731e-02
4.713595e-02
4.831023e-02
4.917715e-02
5.021359e-02
5.188895e-02
5.415742e-02
5.605520e-02
5.555188e-02
4.715085e-02
3.018933e-02
5.588271e-04
-4.499936e-02
-1.102331e-01
-2.002270e-01
-3.224134e-01
1.247425e-01
-9.983370e-02
-2.516111e-01
-3.430215e-01
-3.824378e-01
-3.754662e-01
-3.276410e-01
-2.234515e-01
-1.193185e-01
-1.079021e-02
9.173816e-02
1.819519e-01
2.560080e-01
3.096543e-01
3.378724e-01
3.370036e-01
3.050086e-01
2.398840e-01
1.413371e-01
-1.824459e-02
-1.563509e-01
-2.845536e-01
-3.899514e-01
-4.657995e-01
-5.086499e-01
-5.166639e-01
-4.913636e-01
-4.390413e-01
-3.683315e-01
-2.866466e-01
-1.991321e-01
-8.701868e-02
1.096046e-03
8.446485e-02
1.600883e-01
2.255001e-01
2.792589e-01
3.211084e-01
3.517176e-01
3.721550e-01
3.832388e-01
3.850195e-01
3.766185e-01
3.492680e-01
3.114053e-01
2.569423e-01
1.831951e-01
8.630078e-02
-3.983915e-02
-2.044569e-01
3.706029e-02
-2.416853e-01
-4.333357e-01
-5.503962e-01
-6.000640e-01
-5.867382e-01
-5.162068e-01
-3.635625e-01
-2.078207e-01
-3.914472e-02
1.294162e-01
2.886118e-01
4.305047e-01
5.438427e-01
6.132542e-01
6.241528e-01
5.675563e-01
4.411332e-01
2.501235e-01
-5.458511e-02
-3.182051e-01
-5.666234e-01
-7.755018e-01
-9.296781e-01
-1.020982e+00
-1.045657e+00
-1.005191e+00
-9.087977e-01
-7.681271e-01
-5.998245e-01
-4.168772e-01
-1.838459e-01
-3.837279e-03
1.633835e-01
3.125069e-01
4.396497e-01
5.427037e-01
6.214548e-01
6.771397e-01
7.117478e-01
7.272128e-01
7.247667e-01
7.047786e-01
6.545348e-01
5.931197e-01
5.113689e-01
4.068235e-01
2.749608e-01
1.081930e-01
-1.047722e-01
-4.059059e-02
-3.844857e-01
-6.253737e-01
-7.770486e-01
-8.462713e-01
-8.354554e-01
-7.485593e-01
-5.492432e-01
-3.379451e-01
-1.012922e-01
1.434930e-01
3.825585e-01
6.025676e-01
7.843887e-01
9.014030e-01
9.271145e-01
8.449796e-01
6.527908e-01
3.630513e-01
-9.391983e-02
-4.871314e-01
-8.591262e-01
-1.174682e+00
-1.409207e+00
-1.547620e+00
-1.583020e+00
-1.518002e+00
-1.366599e+00
-1.147871e+00
-8.850647e-01
-6.005993e-01
-2.422296e-01
3.078206e-02
2.808587e-01
5.008804e-01
6.858976e-01
8.335785e-01
9.441700e-01
1.019919e+00
1.064043e+00
1.079732e+00
1.069493e+00
1.034951e+00
9.589126e-01
8.720217e-01
7.610461e-01
6.232427e-01
4.529409e-01
2.406935e-01
-2.680246e-02
-1.034247e-01
-5.253153e-01
-8.257299e-01
-1.020965e+00
-1.118779e+00
-1.120111e+00
-1.025769e+00
-7.862186e-01
-5.186273e-01
-2.078211e-01
1.232337e-01
4.533015e-01
7.607335e-01
1.016432e+00
1.181706e+00
1.218882e+00
1.106219e+00
8.450367e-01
4.585511e-01
-1.386901e-01
-6.472130e-01
-1.130156e+00
-1.546150e+00
-1.861936e+00
-2.051899e+00
-2.100652e+00
-2.009109e+00
-1.796971e+00
-1.494338e+00
-1.132805e+00
-7.436334e-01
-2.584434e-01
1.060635e-01
4.358057e-01
7.218797e-01
9.590110e-01
1.145208e+00
1.281749e+00
1.372244e+00
1.421345e+00
1.433567e+00
1.412663e+00
1.361454e+00
1.257784e+00
1.144202e+00
1.002514e+00
8.291414e-01
6.168795e-01
3.543172e-01
2.659607e-02
-1.460834e-01
-6.607825e-01
-1.032084e+00
-1.279715e+00
-1.414137e+00
-1.436490e+00
-1.344592e+00
-1.075485e+00
-7.553256e-01
-3.678390e-01
5.745823e-02
4.880837e-01
8.887641e-01
1.216122e+00
1.418269e+00
1.450029e+00
1.292520e+00
9.602232e-01
4.937356e-01
-1.977689e-01
-7.761899e-01
-1.331423e+00
-1.826154e+00
-2.221514e+00
-2.476482e+00
-2.556660e+00
-2.451103e+00
-2.182613e+00
-1.794872e+00
-1.333057e+00
-8.390412e-01
-2.288676e-01
2.232518e-01
6.263725e-01
9.711006e-01
1.252665e+00
1.469886e+00
1.625744e+00
1.725506e+00
1.775286e+00
1.780872e+00
1.747147e+00
1.677995e+00
1.545873e+00
1.405032e+00
1.231544e+00
1.020589e+00
7.631845e-01
4.462208e-01
5.421256e-02
-1.641812e-01
-7.879588e-01
-1.242330e+00
-1.550836e+00
-1.728147e+00
-1.777931e+00
-1.696820e+00
-1.410472e+00
-1.045580e+00
-5.839221e-01
-6.256814e-02
4.753647e-01
9.708678e-01
1.355494e+00
1.557206e+00
1.537450e+00
1.305123e+00
9.061559e-01
4.029009e-01
-2.869193e-01
-8.466472e-01
-1.398602e+00
-1.926033e+00
-2.391538e+00
-2.756894e+00
-2.934014e+00
-2.865099e+00
-2.504397e+00
-2.040887e+00
-1.479588e+00
-8.803549e-01
-1.481804e-01
3.838892e-01
8.512434e-01
1.244524e+00
1.560252e+00
1.799790e+00
1.967705e+00
2.071087e+00
2.117421e+00
2.113606e+00
2.065521e+00
1.977837e+00
1.817283e+00
1.649155e+00
1.443310e+00
1.193364e+00
8.886792e-01
5.150579e-01
5.755620e-02
-1.516966e-01
-9.346219e-01
-1.509707e+00
-1.904775e+00
-2.140954e+00
-2.228160e+00
-2.165606e+00
-1.776386e+00
-1.374923e+00
-8.402010e-01
-2.232082e-01
3.651879e-01
9.889942e-01
1.388761e+00
1.498077e+00
1.300796e+00
1.004115e+00
5.666033e-01
-1.060725e-01
-4.825226e-01
-8.283222e-01
-1.203480e+00
-1.747622e+00
-2.156314e+00
-2.658918e+00
-2.978600e+00
-3.009465e+00
-2.748354e+00
-2.211745e+00
-1.564882e+00
-6.860805e-01
-1.444307e-02
5.904019e-01
1.109479e+00
1.538223e+00
1.876429e+00
2.128078e+00
2.300084e+00
2.401170e+00
2.439857e+00
2.424052e+00
2.360397e+00
2.254035e+00
2.123362e+00
1.921914e+00
1.675964e+00
1.377240e+00
1.013592e+00
5.705907e-01
3.543299e-02
-1.209607e-01
-1.045817e+00
-1.728645e+00
-2.199178e+00
-2.483731e+00
-2.598705e+00
-2.548366e+00
-2.328419e+00
-1.713858e+00
-1.267572e+00
-5.491098e-01
2.047695e-01
8.417239e-01
1.134629e+00
1.022794e+00
4.104946e-01
1.062282e-01
-4.081136e-01
-6.631601e-01
-7.489474e-01
-7.440540e-01
-8.173255e-01
-1.005128e+00
-1.595762e+00
-1.925488e+00
-2.610403e+00
-2.894544e+00
-2.755812e+00
-2.111644e+00
-1.372880e+00
-5.785044e-01
1.804684e-01
8.455865e-01
1.402330e+00
1.850690e+00
2.196756e+00
2.449344e+00
2.616786e+00
2.708959e+00
2.735518e+00
2.705016e+00
2.656715e+00
2.516305e+00
2.333607e+00
2.106910e+00
1.830657e+00
1.495371e+00
1.088325e+00
5.956232e-01
6.749141e-03
-8.194566e-02
-1.153511e+00
-1.948579e+00
-2.496686e+00
-2.828556e+00
-2.967214e+00
-2.923084e+00
-2.694236e+00
-2.259442e+00
-1.528272e+00
-7.136720e-01
1.061593e-01
6.548205e-01
6.239315e-01
1.927655e-02
-8.206140e-01
-1.504194e+00
-1.706610e+00
-1.534817e+00
-1.164922e+00
-7.412144e-01
-2.401332e-01
-2.402576e-01
-1.131334e-01
-9.146542e-01
-1.929126e+00
-2.324592e+00
-2.560572e+00
-2.062629e+00
-1.279949e+00
-4.081449e-01
4.254742e-01
1.143164e+00
1.724381e+00
2.178235e+00
2.516956e+00
2.756956e+00
2.910465e+00
2.987263e+00
2.997120e+00
2.982208e+00
2.867622e+00
2.708443e+00
2.505501e+00
2.255884e+00
1.952842e+00
1.586090e+00
1.142735e+00
6.096524e-01
-2.164114e-02
-3.960892e-02
-1.249008e+00
-2.150326e+00
-2.770678e+00
-3.144138e+00
-3.299685e+00
-3.253826e+00
-3.005620e+00
-2.318167e+00
-1.726093e+00
-7.138460e-01
1.600306e-01
5.653090e-01
5.442975e-02
-9.894651e-01
-1.963441e+00
-2.577406e+00
-2.557432e+00
-2.229502e+00
-1.657647e+00
-9.425106e-01
-4.552205e-02
4.919582e-01
6.793914e-01
3.126146e-01
-7.149686e-01
-1.774504e+00
-2.262352e+00
-2.026414e+00
-1.224598e+00
-2.494231e-01
6.735211e-01
1.441961e+00
2.042517e+00
2.496908e+00
2.819506e+00
3.038516e+00
3.170298e+00
3.225040e+00
3.247499e+00
3.162052e+00
3.028905e+00
2.851853e+00
2.630934e+00
2.362254e+00
2.038171e+00
1.647889e+00
1.178476e+00
6.173970e-01
-4.233152e-02
4.136065e-03
-1.317044e+00
-2.304006e+00
-2.979244e+00
-3.378583e+00
-3.535576e+00
-3.468345e+00
-3.166666e+00
-2.446059e+00
-1.601960e+00
-3.132825e-01
5.902205e-01
7.313142e-01
-4.757183e-01
-1.780880e+00
-2.648547e+00
-3.003695e+00
-2.797765e+00
-2.288006e+00
-1.704509e+00
-1.096748e+00
-2.900879e-01
3.407798e-01
8.217194e-01
8.647863e-01
2.298821e-01
-1.171066e+00
-2.073256e+00
-2.436320e+00
-1.400917e+00
-2.565679e-01
8.075591e-01
1.655208e+00
2.288687e+00
2.748216e+00
3.066291e+00
3.267705e+00
3.376578e+00
3.407847e+00
3.385170e+00
3.279605e+00
3.128421e+00
2.935445e+00
2.700271e+00
2.418279e+00
2.081158e+00
1.677608e+00
1.194586e+00
6.199638e-01
-5.205586e-02
4.195860e-02
-1.349606e+00
-2.390272e+00
-3.094898e+00
-3.497914e+00
-3.634324e+00
-3.517541e+00
-3.106497e+00
-2.364177e+00
-1.225497e+00
4.346728e-01
1.261561e+00
1.021088e+00
-8.578957e-01
-2.202921e+00
-2.933839e+00
-2.969259e+00
-2.672148e+00
-2.169335e+00
-1.585466e+00
-8.924535e-01
-4.559220e-01
8.638386e-02
6.006970e-01
7.991040e-01
4.777379e-01
-4.556858e-01
-2.127578e+00
-2.986353e+00
-1.955142e+00
-5.583133e-01
7.360788e-01
1.718441e+00
2.417602e+00
2.901354e+00
3.222964e+00
3.417052e+00
3.508925e+00
3.523602e+00
3.448062e+00
3.322644e+00
3.154950e+00
2.949269e+00
2.704998e+00
2.416924e+00
2.076001e+00
1.670363e+00
1.186891e+00
6.141438e-01
-5.218476e-02
6.482841e-02
-1.343024e+00
-2.400146e+00
-3.108829e+00
-3.497046e+00
-3.595370e+00
-3.416128e+00
-2.897343e+00
-1.936488e+00
-3.791217e-01
1.193475e+00
1.849923e+00
5.025502e-01
-1.382732e+00
-2.524518e+00
-2.975165e+00
-2.809893e+00
-2.474077e+00
-2.071357e+00
-1.587248e+00
-9.535877e-01
-4.980229e-01
-2.201965e-02
4.149447e-01
7.002282e-01
6.484730e-01
-3.116500e-01
-1.735976e+00
-3.315609e+00
-3.218606e+00
-1.605097e+00
8.536828e-02
1.655437e+00
2.435724e+00
2.954748e+00
3.285975e+00
3.474530e+00
3.552890e+00
3.522646e+00
3.427739e+00
3.284689e+00
3.104115e+00
2.890664e+00
2.643410e+00
2.356488e+00
2.020184e+00
1.622372e+00
1.150527e+00
5.948185e-01
-4.687591e-02
7.294071e-02
-1.285597e+00
-2.319505e+00
-3.010544e+00
-3.373898e+00
-3.428532e+00
-3.187175e+00
-2.532109e+00
-1.086182e+00
5.535968e-01
1.702406e+00
1.752217e+00
-4.683511e-01
-2.150465e+00
-2.871628e+00
-2.963563e+00
-2.698884e+00
-2.359926e+00
-1.929575e+00
-1.446718e+00
-9.983580e-01
-4.965473e-01
-1.338849e-01
2.473082e-01
6.606960e-01
7.606881e-01
5.002348e-01
-1.151772e+00
-3.034889e+00
-3.494027e+00
-1.917134e+00
-9.217815e-02
1.279596e+00
2.192790e+00
2.921903e+00
3.252505e+00
3.433365e+00
3.499051e+00
3.426932e+00
3.318382e+00
3.164623e+00
2.978844e+00
2.765121e+00
2.521697e+00
2.242106e+00
1.916657e+00
1.534153e+00
1.084020e+00
5.591773e-01
-3.994868e-02
7.398311e-02
-1.163162e+00
-2.132302e+00
-2.787804e+00
-3.124809e+00
-3.145709e+00
-2.854475e+00
-1.945948e+00
-6.487721e-01
8.120055e-01
1.956005e+00
1.255506e+00
-1.249509e+00
-2.437271e+00
-2.920364e+00
-2.845840e+00
-2.494071e+00
-2.223824e+00
-1.758953e+00
-1.347635e+00
-9.674738e-01
-5.106867e-01
-1.467640e-01
2.296530e-01
5.621771e-01
7.810312e-01
6.962299e-01
-4.553692e-01
-2.254246e+00
-3.568257e+00
-2.591103e+00
-8.403574e-01
1.296282e+00
2.161538e+00
2.670999e+00
3.109701e+00
3.281724e+00
3.338078e+00
3.184392e+00
3.085374e+00
2.964201e+00
2.784117e+00
2.579116e+00
2.346400e+00
2.079604e+00
1.770358e+00
1.409871e+00
9.906771e-01
5.089327e-01
-3.278191e-02
6.935789e-02
-9.786649e-01
-1.837324e+00
-2.438884e+00
-2.753271e+00
-2.764617e+00
-2.458997e+00
-1.513010e+00
-5.684896e-01
1.174077e+00
1.636607e+00
1.293606e-01
-1.847172e+00
-2.709145e+00
-2.788844e+00
-2.642750e+00
-2.274875e+00
-1.963724e+00
-1.602454e+00
-1.290882e+00
-8.804823e-01
-5.626580e-01
-2.397197e-01
1.375027e-01
4.699214e-01
7.864675e-01
8.294021e-01
2.215410e-01
-1.061765e+00
-2.980321e+00
-2.649240e+00
-4.369040e-01
8.808377e-01
1.799865e+00
2.514043e+00
2.853443e+00
3.017385e+00
2.898846e+00
2.865676e+00
2.772287e+00
2.643781e+00
2.523612e+00
2.335194e+00
2.119464e+00
1.871343e+00
1.584964e+00
1.254654e+00
8.761410e-01
4.482422e-01
-2.528506e-02
4.990363e-02
-7.579710e-01
-1.455749e+00
-1.975194e+00
-2.268226e+00
-2.302934e+00
-2.054358e+00
-1.474081e+00
-4.786614e-01
5.894258e-01
7.468497e-01
-5.032208e-01
-2.213834e+00
-2.547504e+00
-2.558379e+00
-2.334217e+00
-2.096455e+00
-1.785964e+00
-1.446814e+00
-1.219615e+00
-8.645915e-01
-5.622374e-01
-2.624397e-01
1.513166e-01
4.308761e-01
7.039950e-01
9.048416e-01
6.956953e-01
-3.632339e-01
-1.943022e+00
-1.763196e+00
-5.625999e-01
6.136972e-01
1.775697e+00
2.175449e+00
2.449214e+00
2.645260e+00
2.495450e+00
2.461154e+00
2.382348e+00
2.276377e+00
2.147311e+00
2.035401e+00
1.843057e+00
1.620792e+00
1.365458e+00
1.074315e+00
7.457275e-01
3.802196e-01
-1.827662e-02
1.156027e-02
-5.300169e-01
-1.022815e+00
-1.422534e+00
-1.686400e+00
-1.778463e+00
-1.673824e+00
-1.248878e+00
-7.711620e-01
9.841540e-02
1.158933e-02
-1.199768e+00
-2.081354e+00
-2.339015e+00
-2.296772e+00
-2.154162e+00
-1.823523e+00
-1.575172e+00
-1.389876e+00
-1.019036e+00
-7.929394e-01
-5.307564e-01
-1.868002e-01
1.297939e-01
4.073365e-01
7.354946e-01
9.145063e-01
9.180284e-01
3.022159e-01
-4.686681e-01
-7.513757e-01
1.026725e-01
9.264526e-01
1.469282e+00
1.811184e+00
2.001370e+00
2.105196e+00
2.015638e+00
1.987460e+00
1.930380e+00
1.851672e+00
1.751902e+00
1.629505e+00
1.525921e+00
1.337213e+00
1.120734e+00
8.762062e-01
6.041535e-01
3.063087e-01
-1.380601e-02
-4.158306e-02
-2.519192e-01
-4.636070e-01
-6.772723e-01
-8.863962e-01
-1.076706e+00
-1.231666e+00
-1.351005e+00
-1.363129e+00
-9.517130e-01
-1.281579e+00
-1.728288e+00
-2.022084e+00
-2.061902e+00
-1.991223e+00
-1.786864e+00
-1.654284e+00
-1.392573e+00
-1.193270e+00
-9.689543e-01
-7.260173e-01
-4.539334e-01
-1.596226e-01
8.678584e-02
4.004488e-01
6.435229e-01
9.375002e-01
1.049250e+00
9.138815e-01
4.726641e-01
5.666924e-01
8.053629e-01
1.147190e+00
1.351727e+00
1.464053e+00
1.529017e+00
1.507092e+00
1.490567e+00
1.470030e+00
1.437018e+00
1.388976e+00
1.322886e+00
1.235919e+00
1.095155e+00
9.564925e-01
7.959132e-01
6.157063e-01
4.187578e-01
2.080621e-01
-1.350499e-02
-6.177535e-02
-3.283556e-02
-3.848604e-02
-1.101433e-01
-2.706470e-01
-5.299904e-01
-8.888658e-01
-1.459027e+00
-1.967886e+00
-2.108086e+00
-2.228857e+00
-1.975209e+00
-1.905506e+00
-1.762744e+00
-1.708789e+00
-1.525631e+00
-1.381536e+00
-1.253901e+00
-1.028898e+00
-8.243765e-01
-5.951154e-01
-3.044747e-01
-1.003996e-01
1.070463e-01
3.949994e-01
6.432509e-01
9.143122e-01
1.133083e+00
1.342990e+00
1.738292e+00
2.007291e+00
1.667928e+00
1.345641e+00
1.188745e+00
1.080503e+00
1.026062e+00
9.797658e-01
9.501476e-01
9.415833e-01
9.333984e-01
9.164909e-01
8.849108e-01
8.345877e-01
7.425731e-01
6.462924e-01
5.326508e-01
4.056287e-01
2.696214e-01
1.283965e-01
-1.567286e-02
-4.814854e-02
1.827808e-01
3.401480e-01
3.763112e-01
2.553437e-01
-4.624666e-02
-5.477578e-01
-1.294601e+00
-2.497337e+00
-3.344967e+00
-3.395894e+00
-2.482283e+00
-1.811382e+00
-1.530410e+00
-1.367814e+00
-1.260861e+00
-1.117252e+00
-9.682088e-01
-8.231173e-01
-6.325818e-01
-4.348047e-01
-2.789475e-01
-3.161247e-02
1.929932e-01
3.835983e-01
6.391782e-01
8.780782e-01
1.272843e+00
1.857005e+00
3.004122e+00
3.381849e+00
2.447286e+00
1.534397e+00
1.044538e+00
7.486085e-01
5.616245e-01
4.814694e-01
4.440235e-01
4.449210e-01
4.563475e-01
4.648402e-01
4.624711e-01
4.444724e-01
3.975417e-01
3.420431e-01
2.746173e-01
2.004729e-01
1.249906e-01
5.227454e-02
-1.597202e-02
-3.700180e-03
3.861681e-01
6.561055e-01
7.588640e-01
6.636500e-01
3.463971e-01
-3.971263e-01
-1.249791e+00
-2.456076e+00
-3.948674e+00
-4.425515e+00
-2.763835e+00
-1.688694e+00
-1.252410e+00
-1.158584e+00
-1.003580e+00
-9.322822e-01
-7.593495e-01
-6.378459e-01
-4.551386e-01
-2.945507e-01
-1.577394e-01
2.966887e-02
1.977834e-01
4.081241e-01
6.334409e-01
9.120222e-01
1.282522e+00
2.646773e+00
4.298075e+00
4.413144e+00
3.174784e+00
1.564045e+00
8.892801e-01
4.339605e-01
1.783523e-01
5.166654e-02
1.583492e-02
1.702262e-02
3.642770e-02
5.883108e-02
7.522035e-02
8.085483e-02
7.105449e-02
5.223394e-02
2.853036e-02
5.808448e-03
-1.026603e-02
-1.582524e-02
-1.018742e-02
5.512084e-02
5.625309e-01
9.024014e-01
1.040126e+00
9.591857e-01
6.445362e-01
-1.115914e-01
-8.566051e-01
-2.566795e+00
-4.278932e+00
-5.154840e+00
-3.868629e+00
-1.990950e+00
-1.167644e+00
-8.834057e-01
-7.962872e-01
-6.792405e-01
-5.927222e-01
-4.419689e-01
-3.118859e-01
-1.952937e-01
-8.515183e-02
7.872532e-02
2.360534e-01
3.968741e-01
6.098036e-01
9.680248e-01
1.533865e+00
3.384471e+00
5.208857e+00
4.970987e+00
3.006466e+00
1.706574e+00
6.658477e-01
8.739831e-02
-1.042514e-01
-2.624479e-01
-3.146114e-01
-3.249564e-01
-3.102247e-01
-2.867293e-01
-2.634024e-01
-2.442581e-01
-2.267068e-01
-2.143944e-01
-1.982376e-01
-1.723121e-01
-1.313124e-01
-7.222616e-02
4.202007e-03
1.039947e-01
6.931475e-01
1.074726e+00
1.230906e+00
1.161366e+00
8.649573e-01
1.631466e-01
-7.037130e-01
-1.976462e+00
-3.924258e+00
-5.484077e+00
-5.003162e+00
-2.554338e+00
-1.103799e+00
-7.394202e-01
-5.399201e-01
-4.362133e-01
-3.902524e-01
-2.953431e-01
-1.946741e-01
-7.253575e-02
3.234864e-03
1.275195e-01
2.474587e-01
3.860567e-01
5.763977e-01
1.051019e+00
2.010975e+00
4.481376e+00
5.759138e+00
4.721272e+00
2.532709e+00
1.244737e+00
4.298799e-01
-5.268361e-02
-3.352705e-01
-4.828832e-01
-5.540301e-01
-5.809890e-01
-5.804712e-01
-5.653016e-01
-5.443251e-01
-5.203156e-01
-4.847944e-01
-4.476663e-01
-3.971260e-01
-3.275453e-01
-2.344123e-01
-1.159339e-01
2.545681e-02
1.198796e-01
7.586785e-01
1.164558e+00
1.334129e+00
1.280522e+00
1.013773e+00
3.776732e-01
-4.168619e-01
-1.866414e+00
-3.511928e+00
-5.142968e+00
-5.380919e+00
-3.126857e+00
-1.443666e+00
-6.821058e-01
-3.591820e-01
-2.665847e-01
-1.962344e-01
-1.540165e-01
-6.338887e-02
1.862757e-06
8.573562e-02
1.636059e-01
2.475980e-01
3.720067e-01
6.716605e-01
1.168084e+00
3.152994e+00
5.128438e+00
5.799789e+00
4.524616e+00
2.520833e+00
1.180363e+00
3.539461e-01
-1.469130e-01
-4.447176e-01
-6.269022e-01
-7.136989e-01
-7.574588e-01
-7.735835e-01
-7.716679e-01
-7.588543e-01
-7.363478e-01
-6.914162e-01
-6.367711e-01
-5.596362e-01
-4.547537e-01
-3.184085e-01
-1.499944e-01
4.645790e-02
9.191215e-02
7.468679e-01
1.161502e+00
1.341124e+00
1.306652e+00
1.074770e+00
5.208499e-01
-1.772465e-01
-1.200662e+00
-2.672621e+00
-4.452004e+00
-5.265335e+00
-4.015399e+00
-2.040096e+00
-8.101912e-01
-2.449469e-01
-1.165624e-01
-4.772420e-02
5.059620e-03
4.025269e-02
8.115584e-02
1.216607e-01
1.603860e-01
2.188281e-01
3.711424e-01
7.134404e-01
1.524305e+00
3.463814e+00
5.282136e+00
4.980237e+00
3.585174e+00
2.144479e+00
1.039264e+00
2.981797e-01
-1.799635e-01
-4.788965e-01
-6.621274e-01
-7.913688e-01
-8.510012e-01
-8.849078e-01
-8.999176e-01
-8.996006e-01
-8.837932e-01
-8.375592e-01
-7.735206e-01
-6.795490e-01
-5.506812e-01
-3.837529e-01
-1.789375e-01
5.864890e-02
3.109947e-02
6.634141e-01
1.064611e+00
1.243227e+00
1.222114e+00
1.021883e+00
5.420615e-01
-5.633685e-02
-9.276220e-01
-2.162778e+00
-3.646808e+00
-4.559672e+00
-4.036881e+00
-2.113628e+00
-8.923239e-01
-2.000660e-01
3.929933e-02
1.111432e-01
1.081695e-01
1.174427e-01
1.077959e-01
1.025504e-01
7.894922e-02
1.144593e-01
2.148083e-01
6.589904e-01
2.103765e+00
3.908799e+00
4.719172e+00
4.163363e+00
3.013101e+00
1.890533e+00
1.003189e+00
3.535661e-01
-1.023224e-01
-4.110281e-01
-6.106605e-01
-7.833396e-01
-8.620228e-01
-9.172338e-01
-9.523434e-01
-9.676362e-01
-9.621068e-01
-9.209123e-01
-8.548132e-01
-7.536759e-01
-6.128623e-01
-4.294508e-01
-2.038515e-01
5.849690e-02
-3.316154e-02
5.369400e-01
8.941993e-01
1.048303e+00
1.021843e+00
8.346883e-01
3.975436e-01
-1.270981e-01
-8.681188e-01
-1.580913e+00
-2.640915e+00
-3.749836e+00
-3.512330e+00
-2.574162e+00
-7.749448e-01
1.290581e-01
4.395793e-01
3.544353e-01
2.695133e-01
1.634927e-01
4.622915e-02
-1.471407e-01
-3.097332e-01
-3.499640e-01
-2.164717e-01
7.268574e-01
2.049696e+00
3.729893e+00
4.138740e+00
3.662419e+00
2.792824e+00
1.904485e+00
1.146671e+00
5.435349e-01
8.654816e-02
-2.454260e-01
-4.743976e-01
-6.989686e-01
-8.015584e-01
-8.814029e-01
-9.379838e-01
-9.699342e-01
-9.764031e-01
-9.445541e-01
-8.822378e-01
-7.822319e-01
-6.402482e-01
-4.534401e-01
-2.219926e-01
4.914660e-02
-7.556534e-02
4.000863e-01
6.840281e-01
7.874402e-01
7.307684e-01
5.299740e-01
1.945527e-01
-4.016450e-01
-9.597579e-01
-1.729542e+00
-2.594869e+00
-3.301830e+00
-3.407315e+00
-2.790053e+00
-1.141309e+00
1.025261e-01
7.930605e-01
8.584500e-01
5.849817e-01
1.808048e-01
-2.859592e-01
-5.928093e-01
-9.841418e-01
-7.059360e-01
2.155321e-02
1.497770e+00
2.767967e+00
3.726408e+00
4.031829e+00
3.572439e+00
2.852234e+00
2.100481e+00
1.415326e+00
8.311897e-01
3.585866e-01
-4.500048e-03
-2.651117e-01
-5.449249e-01
-6.764657e-01
-7.837889e-01
-8.628886e-01
-9.123947e-01
-9.326693e-01
-9.143252e-01
-8.609692e-01
-7.690827e-01
-6.347910e-01
-4.552350e-01
-2.301097e-01
3.659423e-02
-8.947901e-02
2.686908e-01
4.598968e-01
4.948522e-01
3.885878e-01
1.541327e-01
-2.033903e-01
-8.083158e-01
-1.365296e+00
-2.062108e+00
-2.815464e+00
-3.462414e+00
-3.733640e+00
-3.440019e+00
-2.984805e+00
-1.566825e+00
-9.000155e-01
-4.597843e-02
9.000096e-02
-1.228246e-01
-2.667952e-01
-2.435201e-01
-2.322634e-01
6.247880e-01
1.773826e+00
2.958070e+00
3.750416e+00
4.233825e+00
4.161975e+00
3.693515e+00
3.060554e+00
2.384153e+00
1.742381e+00
1.167258e+00
6.778617e-01
2.929070e-01
2.447662e-03
-3.304560e-01
-4.964705e-01
-6.338369e-01
-7.356280e-01
-8.039647e-01
-8.402416e-01
-8.395717e-01
-7.996901e-01
-7.215039e-01
-6.015617e-01
-4.370132e-01
-2.269967e-01
2.567736e-02
-7.806590e-02
1.151597e-01
1.744695e-01
1.084788e-01
-7.214197e-02
-3.577622e-01
-7.412353e-01
-1.219148e+00
-1.783079e+00
-2.419430e+00
-3.082635e+00
-3.665235e+00
-4.035858e+00
-4.004332e+00
-3.685495e+00
-3.155114e+00
-2.179871e+00
-1.214432e+00
-8.601604e-01
-4.641323e-01
-2.157482e-02
3.917720e-01
1.314857e+00
1.841904e+00
2.861268e+00
3.804569e+00
4.271138e+00
4.477849e+00
4.293082e+00
3.841658e+00
3.269358e+00
2.658986e+00
2.058141e+00
1.498500e+00
1.009184e+00
6.140437e-01
2.995466e-01
-8.211926e-02
-2.836781e-01
-4.473630e-01
-5.712095e-01
-6.588832e-01
-7.126446e-01
-7.023435e-01
-6.835591e-01
-6.275769e-01
-5.314729e-01
-3.924333e-01
-2.089767e-01
1.755946e-02
-5.896743e-02
-5.675820e-03
-5.752305e-02
-2.077153e-01
-4.483943e-01
-7.719417e-01
-1.171481e+00
-1.640285e+00
-2.171783e+00
-2.746918e+00
-3.327009e+00
-3.837814e+00
-4.187025e+00
-4.309260e+00
-4.156671e+00
-3.684574e+00
-3.003028e+00
-2.216459e+00
-1.306960e+00
-6.597143e-01
1.209223e-01
1.127757e+00
1.859088e+00
2.753998e+00
3.412991e+00
4.127880e+00
4.499007e+00
4.610485e+00
4.360869e+00
3.962609e+00
3.447039e+00
2.893272e+00
2.337091e+00
1.804288e+00
1.330243e+00
9.315524e-01
5.981048e-01
1.781287e-01
-5.371260e-02
-2.406123e-01
-3.850523e-01
-4.917365e-01
-5.379582e-01
-5.719703e-01
-5.717330e-01
-5.355370e-01
-4.608569e-01
-3.449885e-01
-1.860488e-01
1.565982e-02
-4.008429e-02
-1.259686e-01
-2.870132e-01
-5.180234e-01
-8.134495e-01
-1.167563e+00
-1.574461e+00
-2.027468e+00
-2.519437e+00
-3.034530e+00
-3.537213e+00
-3.976380e+00
-4.280612e+00
-4.399383e+00
-4.298203e+00
-3.818827e+00
-3.339471e+00
-2.568017e+00
-1.693612e+00
-7.809720e-01
3.911946e-01
1.285457e+00
2.189217e+00
2.980489e+00
3.703537e+00
4.227647e+00
4.549090e+00
4.631683e+00
4.401931e+00
4.023106e+00
3.581573e+00
3.084007e+00
2.574372e+00
2.080201e+00
1.627808e+00
1.231848e+00
7.301079e-01
4.334732e-01
1.799036e-01
-2.632299e-02
-1.895728e-01
-2.962748e-01
-3.816021e-01
-4.335511e-01
-4.521306e-01
-4.361418e-01
-3.834638e-01
-2.915390e-01
-1.582356e-01
1.700175e-02
-2.627828e-02
-2.424035e-01
-5.041056e-01
-8.074410e-01
-1.148898e+00
-1.524816e+00
-1.931095e+00
-2.362507e+00
-2.811744e+00
-3.267491e+00
-3.701472e+00
-4.071147e+00
-4.321821e+00
-4.409814e+00
-4.303773e+00
-3.872920e+00
-3.272479e+00
-2.691479e+00
-1.548041e+00
-5.843639e-01
3.823942e-01
1.314446e+00
2.208066e+00
3.017306e+00
3.661793e+00
4.165593e+00
4.470167e+00
4.544578e+00
4.374625e+00
4.055311e+00
3.662608e+00
3.225260e+00
2.769241e+00
2.317575e+00
1.889356e+00
1.501343e+00
9.914661e-01
6.766580e-01
4.075492e-01
1.851916e-01
1.254194e-02
-1.233190e-01
-2.252423e-01
-2.943744e-01
-3.311549e-01
-3.348473e-01
-3.037110e-01
-2.354189e-01
-1.276976e-01
2.065313e-02
-1.979514e-02
-3.497151e-01
-6.979702e-01
-1.061548e+00
-1.438734e+00
-1.828035e+00
-2.227576e+00
-2.634241e+00
-3.041915e+00
-3.441590e+00
-3.812707e+00
-4.115879e+00
-4.309649e+00
-4.352502e+00
-4.217326e+00
-3.802336e+00
-3.221342e+00
-2.473220e+00
-1.557658e+00
-7.719238e-01
3.867027e-01
1.267338e+00
2.128925e+00
2.858921e+00
3.511999e+00
3.996918e+00
4.299231e+00
4.403484e+00
4.285865e+00
4.031870e+00
3.693223e+00
3.318462e+00
2.917747e+00
2.510650e+00
2.112016e+00
1.726269e+00
1.219631e+00
8.962222e-01
6.180788e-01
3.772205e-01
1.902888e-01
4.126789e-02
-7.553181e-02
-1.603390e-01
-2.139365e-01
-2.359804e-01
-2.251227e-01
-1.792952e-01
-9.622368e-02
2.574852e-02
-2.123990e-02
-4.429535e-01
-8.598825e-01
-1.269606e+00
-1.671849e+00
-2.067102e+00
-2.455672e+00
-2.836569e+00
-3.205647e+00
-3.553850e+00
-3.865147e+00
-4.109057e+00
-4.245377e+00
-4.238554e+00
-3.953885e+00
-3.654718e+00
-3.098677e+00
-2.401237e+00
-1.605374e+00
-5.181150e-01
4.164435e-01
1.136429e+00
1.920607e+00
2.714595e+00
3.306864e+00
3.771703e+00
4.075353e+00
4.215106e+00
4.150722e+00
3.961380e+00
3.677875e+00
3.363013e+00
3.015776e+00
2.650497e+00
2.274554e+00
1.901018e+00
1.541448e+00
1.090991e+00
7.852094e-01
5.500304e-01
3.526378e-01
1.911494e-01
6.187184e-02
-3.641541e-02
-1.047439e-01
-1.431238e-01
-1.505909e-01
-1.253613e-01
-6.527584e-02
3.159795e-02
-3.017442e-02
-5.186056e-01
-9.843705e-01
-1.425332e+00
-1.842248e+00
-2.237139e+00
-2.612118e+00
-2.967873e+00
-3.301733e+00
-3.605104e+00
-3.863376e+00
-4.050484e+00
-4.134114e+00
-4.001715e+00
-3.761457e+00
-3.305164e+00
-2.744965e+00
-2.063922e+00
-1.297302e+00
-4.868475e-01
3.400384e-01
1.162804e+00
1.923846e+00
2.584197e+00
3.068602e+00
3.542065e+00
3.813988e+00
3.942773e+00
3.936676e+00
3.819735e+00
3.617457e+00
3.354637e+00
3.052317e+00
2.721987e+00
2.374203e+00
2.021950e+00
1.679745e+00
1.313912e+00
9.347418e-01
6.954483e-01
4.913602e-01
3.210577e-01
1.822201e-01
7.320113e-02
-7.207006e-03
-5.932992e-02
-8.256856e-02
-7.549344e-02
-3.611066e-02
3.761800e-02
-4.516403e-02
-5.745230e-01
-1.068882e+00
-1.526307e+00
-1.948192e+00
-2.337582e+00
-2.697665e+00
-3.030063e+00
-3.332724e+00
-3.597689e+00
-3.810078e+00
-3.933636e+00
-3.933654e+00
-3.810714e+00
-3.559859e+00
-3.116827e+00
-2.585177e+00
-1.947761e+00
-1.232216e+00
-4.756624e-01
2.881901e-01
1.037773e+00
1.731709e+00
2.350659e+00
2.870627e+00
3.274570e+00
3.553949e+00
3.707291e+00
3.740480e+00
3.668729e+00
3.513805e+00
3.295256e+00
3.032187e+00
2.736553e+00
2.420109e+00
2.094680e+00
1.710568e+00
1.411146e+00
1.135582e+00
8.092684e-01
6.022278e-01
4.269390e-01
2.817904e-01
1.651546e-01
7.570728e-02
1.284408e-02
-2.320026e-02
-3.134796e-02
-9.875592e-03
4.322937e-02
-6.345072e-02
-6.091904e-01
-1.112889e+00
-1.572992e+00
-1.991252e+00
-2.371064e+00
-2.715811e+00
-3.027065e+00
-3.302658e+00
-3.534905e+00
-3.709847e+00
-3.777695e+00
-3.748322e+00
-3.608800e+00
-3.355551e+00
-2.929781e+00
-2.429511e+00
-1.835650e+00
-1.169849e+00
-4.643462e-01
2.474326e-01
9.370170e-01
1.579301e+00
2.152157e+00
2.637278e+00
3.022283e+00
3.300187e+00
3.467692e+00
3.528293e+00
3.491076e+00
3.374525e+00
3.193737e+00
2.966102e+00
2.704412e+00
2.418888e+00
2.044971e+00
1.750163e+00
1.465571e+00
1.199921e+00
8.889161e-01
6.827428e-01
5.061014e-01
3.580159e-01
2.370220e-01
1.417554e-01
7.137339e-02
2.576267e-02
5.614722e-03
1.233667e-02
4.779014e-02
-8.076578e-02
-6.211724e-01
-1.117224e+00
-1.567998e+00
-1.975320e+00
-2.342213e+00
-2.671368e+00
-2.963554e+00
-3.216075e+00
-3.421539e+00
-3.550102e+00
-3.595079e+00
-3.548363e+00
-3.401509e+00
-3.152729e+00
-2.805462e+00
-2.279652e+00
-1.726788e+00
-1.108571e+00
-4.533972e-01
2.074955e-01
8.468953e-01
1.441448e+00
1.971406e+00
2.422187e+00
2.784362e+00
3.052581e+00
3.224745e+00
3.302449e+00
3.292280e+00
3.205992e+00
3.058134e+00
2.862638e+00
2.631076e+00
2.289695e+00
2.019315e+00
1.745227e+00
1.477481e+00
1.224675e+00
9.930812e-01
7.864749e-01
5.572072e-01
4.095148e-01
2.874036e-01
1.895359e-01
1.148706e-01
6.299099e-02
3.419686e-02
2.953476e-02
5.061334e-02
-9.178362e-02
-6.092161e-01
-1.083821e+00
-1.515422e+00
-1.905619e+00
-2.256507e+00
-2.569515e+00
-2.844267e+00
-3.085124e+00
-3.251733e+00
-3.356386e+00
-3.386582e+00
-3.331366e+00
-3.184270e+00
-2.944467e+00
-2.615698e+00
-2.204114e+00
-1.615106e+00
-1.043790e+00
-4.391531e-01
1.703256e-01
7.596009e-01
1.307576e+00
1.796529e+00
2.213799e+00
2.552005e+00
2.807473e+00
2.978953e+00
3.067414e+00
3.076982e+00
3.015656e+00
2.894522e+00
2.725475e+00
2.431092e+00
2.198380e+00
1.950559e+00
1.697322e+00
1.447984e+00
1.210604e+00
9.913346e-01
7.941506e-01
6.210133e-01
4.360781e-01
3.159586e-01
2.185342e-01
1.426767e-01
8.769971e-02
5.355240e-02
4.088006e-02
5.097658e-02
-9.117338e-02
-5.726610e-01
-1.015494e+00
-1.420188e+00
-1.787904e+00
-2.119615e+00
-2.415390e+00
-2.673696e+00
-2.883022e+00
-3.035403e+00
-3.128126e+00
-3.150294e+00
-3.092577e+00
-2.949819e+00
-2.722117e+00
-2.413898e+00
-2.031865e+00
-1.584311e+00
-9.716195e-01
-4.189266e-01
1.374454e-01
6.752743e-01
1.176264e+00
1.624650e+00
2.008944e+00
2.322838e+00
2.563628e+00
2.730517e+00
2.824034e+00
2.846607e+00
2.803532e+00
2.703097e+00
2.465748e+00
2.278450e+00
2.066830e+00
1.840350e+00
1.608134e+00
1.378632e+00
1.159115e+00
9.552184e-01
7.707693e-01
6.078589e-01
4.671608e-01
3.232583e-01
2.291243e-01
1.549057e-01
9.974355e-02
6.328418e-02
4.581264e-02
4.824391e-02
-6.783751e-02
-4.929220e-01
-8.863064e-01
-1.249148e+00
-1.582118e+00
-1.885023e+00
-2.156605e+00
-2.447843e+00
-2.636451e+00
-2.777829e+00
-2.862589e+00
-2.880736e+00
-2.824087e+00
-2.688745e+00
-2.476049e+00
-2.191417e+00
-1.842124e+00
-1.436299e+00
-9.848869e-01
-3.826766e-01
1.035667e-01
5.736397e-01
1.013137e+00
1.408945e+00
1.750433e+00
2.031658e+00
2.250386e+00
2.406045e+00
2.498757e+00
2.529575e+00
2.501458e+00
2.392344e+00
2.256172e+00
2.087147e+00
1.895171e+00
1.689625e+00
1.479091e+00
1.271115e+00
1.071974e+00
8.865158e-01
7.180894e-01
5.686725e-01
4.390428e-01
3.046066e-01
2.182257e-01
1.495809e-01
9.775338e-02
6.215423e-02
4.268656e-02
3.983766e-02
-2.848491e-02
-4.036300e-01
-7.526242e-01
-1.077019e+00
-1.377313e+00
-1.652840e+00
-1.901762e+00
-2.170454e+00
-2.345148e+00
-2.476034e+00
-2.553878e+00
-2.569324e+00
-2.515429e+00
-2.389898e+00
-2.195649e+00
-1.939152e+00
-1.627851e+00
-1.269078e+00
-8.720023e-01
-3.437766e-01
8.211405e-02
4.939774e-01
8.804533e-01
1.230646e+00
1.534485e+00
1.785821e+00
1.982466e+00
2.124005e+00
2.210433e+00
2.242199e+00
2.221049e+00
2.126762e+00
2.005814e+00
1.854381e+00
1.682239e+00
1.498565e+00
1.311339e+00
1.127156e+00
9.511985e-01
7.873389e-01
6.382502e-01
5.055678e-01
3.900453e-01
2.697909e-01
1.922995e-01
1.305994e-01
8.386802e-02
5.146089e-02
3.309895e-02
2.898114e-02
2.963125e-02
-2.939740e-01
-5.960807e-01
-8.785551e-01
-1.141981e+00
-1.385625e+00
-1.607492e+00
-1.848791e+00
-2.006293e+00
-2.123943e+00
-2.192726e+00
-2.204256e+00
-2.153375e+00
-2.039972e+00
-1.868750e+00
-1.646879e+00
-1.381200e+00
-1.077313e+00
-7.418772e-01
-2.955051e-01
6.470361e-02
4.134296e-01
7.419007e-01
1.041419e+00
1.302521e+00
1.518667e+00
1.687615e+00
1.809330e+00
1.884107e+00
1.912246e+00
1.894788e+00
1.813538e+00
1.708179e+00
1.575903e+00
1.425910e+00
1.266827e+00
1.105870e+00
9.485925e-01
7.990672e-01
6.601320e-01
5.337040e-01
4.209611e-01
3.224965e-01
2.196753e-01
1.533153e-01
1.005322e-01
6.071619e-02
3.331392e-02
1.798305e-02
1.473031e-02
1.056589e-01
-1.662224e-01
-4.198315e-01
-6.573117e-01
-8.794805e-01
-1.085856e+00
-1.274603e+00
-1.480368e+00
-1.614009e+00
-1.712020e+00
-1.766255e+00
-1.770313e+00
-1.721812e+00
-1.623438e+00
-1.481570e+00
-1.303268e+00
-1.093559e+00
-8.551391e-01
-5.912204e-01
-2.373823e-01
4.990475e-02
3.288817e-01
5.926767e-01
8.345415e-01
1.045766e+00
1.219475e+00
1.353440e+00
1.448454e+00
1.505740e+00
1.526064e+00
1.510196e+00
1.442565e+00
1.355551e+00
1.246566e+00
1.123503e+00
9.938579e-01
8.637220e-01
7.375183e-01
6.182151e-01
5.077190e-01
4.072303e-01
3.174890e-01
2.388974e-01
1.565990e-01
1.034586e-01
6.139460e-02
3.008054e-02
9.169234e-03
-1.610912e-03
-2.306466e-03
1.984104e-01
-2.207739e-02
-2.258228e-01
-4.151418e-01
-5.911332e-01
-7.536781e-01
-9.012707e-01
-1.059694e+00
-1.159201e+00
-1.227493e+00
-1.258748e+00
-1.250120e+00
-1.203368e+00
-1.124394e+00
-1.020629e+00
-8.976238e-01
-7.569830e-01
-5.971290e-01
-4.169610e-01
-1.690977e-01
3.597580e-02
2.366908e-01
4.272639e-01
6.024718e-01
7.545831e-01
8.766868e-01
9.668740e-01
1.027333e+00
1.061041e+00
1.069881e+00
1.054719e+00
1.003595e+00
9.399642e-01
8.608876e-01
7.720076e-01
6.788478e-01
5.858538e-01
4.960972e-01
4.114979e-01
3.332021e-01
2.618954e-01
1.980207e-01
1.418717e-01
8.291242e-02
4.492671e-02
1.521276e-02
-6.215647e-03
-1.940769e-02
-2.443639e-02
-2.128945e-02
3.071403e-01
1.379081e-01
-1.424376e-02
-1.516549e-01
-2.756400e-01
-3.863823e-01
-4.827170e-01
-5.785972e-01
-6.307224e-01
-6.567634e-01
-6.552817e-01
-6.290433e-01
-5.850595e-01
-5.323163e-01
-4.779946e-01
-4.242585e-01
-3.675275e-01
-3.007343e-01
-2.178148e-01
-9.113500e-02
2.079135e-02
1.330195e-01
2.401306e-01
3.379309e-01
4.199067e-01
4.797210e-01
5.163398e-01
5.340487e-01
5.383434e-01
5.327786e-01
5.185356e-01
4.883657e-01
4.545339e-01
4.135536e-01
3.678457e-01
3.200428e-01
2.722151e-01
2.256920e-01
1.812593e-01
1.394434e-01
1.006939e-01
6.543195e-02
3.405641e-02
9.261627e-04
-2.020234e-02
-3.610582e-02
-4.642102e-02
-5.085326e-02
-4.919094e-02
-4.124106e-02
4.321801e-01
3.148547e-01
2.169009e-01
1.361228e-01
7.116104e-02
2.164300e-02
-1.169476e-02
-2.800953e-02
-1.893343e-02
8.930056e-03
5.035852e-02
9.548193e-02
1.318843e-01
1.486867e-01
1.408177e-01
1.112345e-01
6.996850e-02
3.024633e-02
3.267648e-03
-6.106862e-03
1.351244e-03
1.412193e-02
2.673056e-02
3.556823e-02
3.563715e-02
2.208410e-02
-4.428518e-03
-3.686545e-02
-6.669825e-02
-8.852826e-02
-1.010486e-01
-1.058985e-01
-1.040484e-01
-9.930506e-02
-9.297504e-02
-8.608656e-02
-7.967458e-02
-7.481278e-02
-7.226267e-02
-7.222355e-02
-7.437243e-02
-7.799400e-02
-8.226940e-02
-8.727947e-02
-9.004083e-02
-9.085522e-02
-8.897793e-02
-8.375923e-02
-7.463732e-02
-6.116400e-02
