3.223184e+01
3.418094e+01
3.600390e+01
3.766648e+01
3.920614e+01
4.068163e+01
4.214838e+01
4.403854e+01
4.563638e+01
4.732773e+01
4.910667e+01
5.095281e+01
5.284692e+01
5.477192e+01
5.668470e+01
5.850333e+01
6.013936e+01
6.152093e+01
6.258371e+01
6.338072e+01
6.356151e+01
6.334262e+01
6.274615e+01
6.180063e+01
6.055442e+01
5.909658e+01
5.753873e+01
5.594611e+01
5.434828e+01
5.282399e+01
5.143776e+01
4.992467e+01
4.889669e+01
4.803133e+01
4.732198e+01
4.675930e+01
4.633242e+01
4.602534e+01
4.581438e+01
4.567166e+01
4.557234e+01
4.549795e+01
4.543373e+01
4.534331e+01
4.523829e+01
4.507778e+01
4.483409e+01
4.447989e+01
4.399665e+01
4.338546e+01
3.247002e+01
3.434541e+01
3.611161e+01
3.772703e+01
3.922431e+01
4.066206e+01
4.209854e+01
4.396522e+01
4.555592e+01
4.724951e+01
4.903902e+01
5.090107e+01
5.281211e+01
5.475300e+01
5.668057e+01
5.851370e+01
6.016610e+01
6.156724e+01
6.264940e+01
6.346022e+01
6.363906e+01
6.340815e+01
6.279347e+01
6.182726e+01
6.055978e+01
5.908186e+01
5.750870e+01
5.590754e+01
5.430716e+01
5.278294e+01
5.139476e+01
4.988059e+01
4.885431e+01
4.799161e+01
4.728588e+01
4.672827e+01
4.630748e+01
4.600634e+01
4.580026e+01
4.566158e+01
4.556655e+01
4.549777e+01
4.544102e+01
4.536298e+01
4.527086e+01
4.512655e+01
4.490273e+01
4.457261e+01
4.411941e+01
4.354711e+01
3.276535e+01
3.455178e+01
3.624615e+01
3.780012e+01
3.924084e+01
4.062634e+01
4.201807e+01
4.384601e+01
4.542130e+01
4.711142e+01
4.890759e+01
5.078480e+01
5.271769e+01
5.468764e+01
5.665310e+01
5.853160e+01
6.023413e+01
6.168651e+01
6.281341e+01
6.365584e+01
6.383430e+01
6.358219e+01
6.293103e+01
6.191893e+01
6.060104e+01
5.907218e+01
5.745296e+01
5.582676e+01
5.419233e+01
5.265284e+01
5.125763e+01
4.974510e+01
4.872602e+01
4.787389e+01
4.718171e+01
4.664031e+01
4.623724e+01
4.595356e+01
4.576348e+01
4.563931e+01
4.555812e+01
4.550332e+01
4.546109e+01
4.540245e+01
4.532769e+01
4.520332e+01
4.500284e+01
4.470095e+01
4.428383e+01
4.375922e+01
3.312900e+01
3.481079e+01
3.641802e+01
3.789542e+01
3.926369e+01
4.057991e+01
4.190922e+01
4.367776e+01
4.522567e+01
4.690472e+01
4.870232e+01
5.059250e+01
5.255149e+01
5.456504e+01
5.659503e+01
5.855516e+01
6.034738e+01
6.188747e+01
6.308715e+01
6.397897e+01
6.415674e+01
6.387166e+01
6.316244e+01
6.207528e+01
6.067332e+01
5.905904e+01
5.736161e+01
5.566900e+01
5.399696e+01
5.242915e+01
5.102207e+01
4.951411e+01
4.850901e+01
4.767768e+01
4.701126e+01
4.649910e+01
4.612663e+01
4.587272e+01
4.571010e+01
4.561090e+01
4.555275e+01
4.551964e+01
4.549809e+01
4.546473e+01
4.541111e+01
4.531016e+01
4.513686e+01
4.486836e+01
4.449494e+01
4.402826e+01
3.357347e+01
3.513301e+01
3.663708e+01
3.802277e+01
3.930239e+01
4.053116e+01
4.177827e+01
4.346177e+01
4.496487e+01
4.662170e+01
4.841436e+01
5.031493e+01
5.230490e+01
5.437877e+01
5.650331e+01
5.858485e+01
6.050895e+01
6.217370e+01
6.347213e+01
6.442735e+01
6.460284e+01
6.427413e+01
6.348756e+01
6.229745e+01
6.077657e+01
5.903920e+01
5.722861e+01
5.544019e+01
5.370735e+01
5.210391e+01
5.068363e+01
4.918590e+01
4.820462e+01
4.740594e+01
4.677900e+01
4.630994e+01
4.598127e+01
4.576933e+01
4.564529e+01
4.558094e+01
4.555425e+01
4.554958e+01
4.555390e+01
4.555097e+01
4.552224e+01
4.544866e+01
4.530734e+01
4.507885e+01
4.475812e+01
4.436004e+01
3.411365e+01
3.552979e+01
3.691243e+01
3.819048e+01
3.936564e+01
4.048913e+01
4.163358e+01
4.320306e+01
4.463808e+01
4.625536e+01
4.803449e+01
4.994442e+01
5.197426e+01
5.413086e+01
5.638530e+01
5.863010e+01
6.072487e+01
6.254192e+01
6.395239e+01
6.497378e+01
6.514587e+01
6.477125e+01
6.390039e+01
6.259032e+01
6.092046e+01
5.901992e+01
5.705499e+01
5.514180e+01
5.332284e+01
5.167329e+01
5.024133e+01
4.876252e+01
4.781627e+01
4.706465e+01
4.649169e+01
4.607940e+01
4.580728e+01
4.564880e+01
4.557357e+01
4.555295e+01
4.556501e+01
4.559443e+01
4.562911e+01
4.566162e+01
4.566205e+01
4.562073e+01
4.551743e+01
4.533684e+01
4.507842e+01
4.475874e+01
3.476717e+01
3.601432e+01
3.725335e+01
3.840561e+01
3.946025e+01
4.046167e+01
4.148381e+01
4.290934e+01
4.424826e+01
4.580085e+01
4.754811e+01
4.948521e+01
5.158469e+01
5.388361e+01
5.633439e+01
5.877758e+01
6.104378e+01
6.298715e+01
6.448441e+01
6.555223e+01
6.572223e+01
6.531761e+01
6.438247e+01
6.296194e+01
6.119960e+01
5.904610e+01
5.681360e+01
5.478931e+01
5.285629e+01
5.114465e+01
4.969613e+01
4.824699e+01
4.735090e+01
4.666167e+01
4.615749e+01
4.581583e+01
4.561186e+01
4.551701e+01
4.549944e+01
4.552995e+01
4.558666e+01
4.565482e+01
4.572394e+01
4.579732e+01
4.583186e+01
4.582849e+01
4.577020e+01
4.564608e+01
4.545922e+01
4.522605e+01
3.577206e+01
3.676618e+01
3.778718e+01
3.875079e+01
3.962983e+01
4.045619e+01
4.130078e+01
4.259144e+01
4.381016e+01
4.527592e+01
4.697721e+01
4.870541e+01
5.115142e+01
5.377852e+01
5.658543e+01
5.886037e+01
6.155148e+01
6.347870e+01
6.537892e+01
6.614163e+01
6.631526e+01
6.592286e+01
6.486328e+01
6.347976e+01
6.145996e+01
5.907387e+01
5.667750e+01
5.431231e+01
5.231717e+01
5.052750e+01
4.873781e+01
4.764729e+01
4.681672e+01
4.620864e+01
4.578853e+01
4.552944e+01
4.540376e+01
4.538073e+01
4.542765e+01
4.551489e+01
4.562067e+01
4.573138e+01
4.583884e+01
4.600299e+01
4.608727e+01
4.613972e+01
4.614808e+01
4.610656e+01
4.602060e+01
4.590393e+01
3.674605e+01
3.750164e+01
3.831231e+01
3.909430e+01
3.980934e+01
4.047743e+01
4.116241e+01
4.195144e+01
4.333368e+01
4.432192e+01
4.593998e+01
4.789790e+01
5.031041e+01
5.293669e+01
5.623851e+01
5.982101e+01
6.183460e+01
6.415381e+01
6.568060e+01
6.633817e+01
6.650064e+01
6.617548e+01
6.530524e+01
6.396143e+01
6.229068e+01
5.965681e+01
5.674491e+01
5.399469e+01
5.121687e+01
4.941378e+01
4.801302e+01
4.696666e+01
4.622232e+01
4.571416e+01
4.539612e+01
4.523263e+01
4.519287e+01
4.524746e+01
4.536332e+01
4.551093e+01
4.566882e+01
4.589208e+01
4.604959e+01
4.619553e+01
4.632452e+01
4.642801e+01
4.649780e+01
4.653117e+01
4.653338e+01
4.651450e+01
3.788066e+01
3.836559e+01
3.893115e+01
3.950002e+01
4.002655e+01
4.051860e+01
4.102897e+01
4.163490e+01
4.241128e+01
4.365181e+01
4.516161e+01
4.720122e+01
4.969099e+01
5.365723e+01
5.709686e+01
6.061831e+01
6.286092e+01
6.431161e+01
6.552605e+01
6.608795e+01
6.623025e+01
6.608862e+01
6.556533e+01
6.458888e+01
6.267926e+01
5.962817e+01
5.716154e+01
5.383188e+01
5.056174e+01
4.860472e+01
4.719518e+01
4.621577e+01
4.557838e+01
4.519179e+01
4.498945e+01
4.493284e+01
4.498868e+01
4.512479e+01
4.531193e+01
4.552155e+01
4.580714e+01
4.601964e+01
4.622062e+01
4.641058e+01
4.658757e+01
4.674703e+01
4.688447e+01
4.699898e+01
4.709414e+01
4.717540e+01
3.917216e+01
3.935656e+01
3.964193e+01
3.996416e+01
4.027515e+01
4.057120e+01
4.089149e+01
4.128602e+01
4.214849e+01
4.282933e+01
4.431358e+01
4.633014e+01
4.947701e+01
5.429602e+01
5.804788e+01
6.089079e+01
6.311334e+01
6.426482e+01
6.500698e+01
6.537148e+01
6.559085e+01
6.568199e+01
6.533597e+01
6.480002e+01
6.356669e+01
6.084005e+01
5.700366e+01
5.399767e+01
4.993276e+01
4.771934e+01
4.627356e+01
4.539198e+01
4.489791e+01
4.465233e+01
4.457930e+01
4.463953e+01
4.479510e+01
4.501737e+01
4.527855e+01
4.563233e+01
4.590746e+01
4.616599e+01
4.641051e+01
4.664523e+01
4.687220e+01
4.709098e+01
4.730036e+01
4.750016e+01
4.769104e+01
4.787292e+01
4.060093e+01
4.046003e+01
4.043253e+01
4.047526e+01
4.054300e+01
4.062111e+01
4.072906e+01
4.088640e+01
4.141016e+01
4.204253e+01
4.333366e+01
4.571754e+01
4.953078e+01
5.561865e+01
5.934993e+01
6.162542e+01
6.318042e+01
6.392465e+01
6.453795e+01
6.470407e+01
6.485534e+01
6.501901e+01
6.481850e+01
6.464665e+01
6.397791e+01
6.218163e+01
5.834193e+01
5.476870e+01
5.017087e+01
4.670026e+01
4.520792e+01
4.447999e+01
4.417772e+01
4.410816e+01
4.417974e+01
4.436088e+01
4.462067e+01
4.493031e+01
4.526528e+01
4.570229e+01
4.602785e+01
4.633076e+01
4.661739e+01
4.689602e+01
4.717305e+01
4.745225e+01
4.773540e+01
4.802213e+01
4.830915e+01
4.858997e+01
4.212865e+01
4.164737e+01
4.128045e+01
4.101473e+01
4.081316e+01
4.064997e+01
4.051751e+01
4.039446e+01
4.030442e+01
4.093001e+01
4.220678e+01
4.518811e+01
5.004857e+01
5.695621e+01
6.031120e+01
6.226559e+01
6.309041e+01
6.363810e+01
6.396536e+01
6.411039e+01
6.423592e+01
6.423093e+01
6.428938e+01
6.429478e+01
6.401656e+01
6.297519e+01
6.072304e+01
5.548954e+01
4.986647e+01
4.547587e+01
4.392378e+01
4.343386e+01
4.339708e+01
4.354316e+01
4.378424e+01
4.409850e+01
4.446342e+01
4.486234e+01
4.538668e+01
4.579430e+01
4.616788e+01
4.651226e+01
4.683807e+01
4.715804e+01
4.748321e+01
4.782181e+01
4.817818e+01
4.855096e+01
4.893193e+01
4.930733e+01
4.369754e+01
4.287774e+01
4.215625e+01
4.156057e+01
4.106741e+01
4.063906e+01
4.024194e+01
3.978806e+01
3.948650e+01
3.897161e+01
4.056707e+01
4.510162e+01
5.288131e+01
5.839305e+01
6.108376e+01
6.234260e+01
6.289028e+01
6.320134e+01
6.340779e+01
6.352770e+01
6.366981e+01
6.381076e+01
6.381152e+01
6.391904e+01
6.390269e+01
6.350627e+01
6.123317e+01
5.727135e+01
5.050548e+01
4.450211e+01
4.207966e+01
4.178695e+01
4.252697e+01
4.294250e+01
4.338075e+01
4.384184e+01
4.432289e+01
4.481956e+01
4.544292e+01
4.590654e+01
4.632459e+01
4.670626e+01
4.706706e+01
4.742466e+01
4.779500e+01
4.819049e+01
4.861750e+01
4.907288e+01
4.954269e+01
5.000535e+01
4.523311e+01
4.410196e+01
4.302925e+01
4.209349e+01
4.129206e+01
4.057542e+01
3.989479e+01
3.914433e+01
3.781372e+01
3.733405e+01
3.910165e+01
4.649679e+01
5.549619e+01
6.018372e+01
6.187506e+01
6.235181e+01
6.259726e+01
6.271989e+01
6.291316e+01
6.302586e+01
6.313754e+01
6.330513e+01
6.338884e+01
6.351767e+01
6.372715e+01
6.370464e+01
6.305393e+01
5.861406e+01
5.142000e+01
4.238576e+01
4.004694e+01
4.025967e+01
4.113585e+01
4.197610e+01
4.297585e+01
4.358924e+01
4.419706e+01
4.479570e+01
4.551793e+01
4.603414e+01
4.649169e+01
4.690571e+01
4.729723e+01
4.768889e+01
4.810125e+01
4.855023e+01
4.904340e+01
4.957522e+01
5.012561e+01
5.066519e+01
4.665232e+01
4.526595e+01
4.387083e+01
4.260142e+01
4.148384e+01
4.045985e+01
3.946510e+01
3.787715e+01
3.646798e+01
3.564875e+01
3.791001e+01
4.737063e+01
5.744967e+01
6.089373e+01
6.209943e+01
6.224009e+01
6.227141e+01
6.234070e+01
6.250970e+01
6.259158e+01
6.270663e+01
6.291821e+01
6.298870e+01
6.319691e+01
6.341873e+01
6.365109e+01
6.337680e+01
5.992159e+01
5.278013e+01
4.199658e+01
3.831135e+01
3.825708e+01
4.022878e+01
4.139584e+01
4.229424e+01
4.332873e+01
4.408369e+01
4.479133e+01
4.547613e+01
4.606695e+01
4.666021e+01
4.710224e+01
4.752131e+01
4.794448e+01
4.839592e+01
4.889412e+01
4.944701e+01
5.004636e+01
5.066618e+01
5.126986e+01
4.787767e+01
4.631227e+01
4.465160e+01
4.307811e+01
4.165222e+01
4.031421e+01
3.896635e+01
3.680544e+01
3.538298e+01
3.435272e+01
3.859476e+01
5.029815e+01
5.900603e+01
6.182533e+01
6.206983e+01
6.199294e+01
6.189906e+01
6.199518e+01
6.209131e+01
6.226470e+01
6.237022e+01
6.254011e+01
6.258887e+01
6.279170e+01
6.310466e+01
6.352866e+01
6.357705e+01
6.139366e+01
5.541880e+01
4.246334e+01
3.695753e+01
3.693066e+01
3.872097e+01
4.035312e+01
4.201053e+01
4.309021e+01
4.399906e+01
4.482332e+01
4.555786e+01
4.618736e+01
4.673249e+01
4.728772e+01
4.773273e+01
4.818569e+01
4.867322e+01
4.921527e+01
4.981964e+01
5.047542e+01
5.115149e+01
5.180516e+01
4.885217e+01
4.718338e+01
4.533442e+01
4.351460e+01
4.181525e+01
4.018329e+01
3.848861e+01
3.651521e+01
3.410564e+01
3.296681e+01
4.109742e+01
5.111288e+01
6.054304e+01
6.191854e+01
6.194757e+01
6.169472e+01
6.165332e+01
6.165895e+01
6.172081e+01
6.188043e+01
6.206099e+01
6.219299e+01
6.226038e+01
6.255606e+01
6.279417e+01
6.319914e+01
6.360817e+01
6.262621e+01
5.626844e+01
4.379438e+01
3.505658e+01
3.507056e+01
3.712875e+01
4.006089e+01
4.152822e+01
4.273099e+01
4.396494e+01
4.486729e+01
4.563041e+01
4.629286e+01
4.686396e+01
4.737186e+01
4.792500e+01
4.840614e+01
4.892628e+01
4.950603e+01
5.015260e+01
5.085277e+01
5.157145e+01
5.226124e+01
4.954744e+01
4.783109e+01
4.587468e+01
4.389112e+01
4.198936e+01
4.012571e+01
3.817097e+01
3.525291e+01
3.280781e+01
3.279925e+01
3.940223e+01
5.249733e+01
6.020274e+01
6.209223e+01
6.180164e+01
6.153078e+01
6.137621e+01
6.134698e+01
6.148545e+01
6.155667e+01
6.176168e+01
6.181068e+01
6.198945e+01
6.216670e+01
6.247698e+01
6.306076e+01
6.349311e+01
6.287416e+01
5.757394e+01
4.480514e+01
3.434334e+01
3.370683e+01
3.679013e+01
3.900505e+01
4.112336e+01
4.270064e+01
4.376922e+01
4.489449e+01
4.568817e+01
4.637537e+01
4.696948e+01
4.750014e+01
4.800224e+01
4.859833e+01
4.914740e+01
4.975862e+01
5.043826e+01
5.117125e+01
5.191973e+01
5.263332e+01
5.002244e+01
4.828957e+01
4.629478e+01
4.423819e+01
4.222979e+01
4.023081e+01
3.811270e+01
3.509758e+01
3.254775e+01
3.220563e+01
4.168430e+01
5.465561e+01
6.097676e+01
6.208025e+01
6.165047e+01
6.124950e+01
6.115541e+01
6.112152e+01
6.123824e+01
6.135658e+01
6.148277e+01
6.154501e+01
6.164563e+01
6.185489e+01
6.221852e+01
6.263929e+01
6.336450e+01
6.314671e+01
5.908091e+01
4.766240e+01
3.446255e+01
3.297795e+01
3.622425e+01
3.911556e+01
4.118252e+01
4.271889e+01
4.393778e+01
4.489270e+01
4.572173e+01
4.642983e+01
4.704360e+01
4.759534e+01
4.811985e+01
4.878838e+01
4.936873e+01
5.001132e+01
5.072084e+01
5.148043e+01
5.225066e+01
5.297987e+01
5.010843e+01
4.838276e+01
4.641816e+01
4.440144e+01
4.243314e+01
4.047303e+01
3.838487e+01
3.536395e+01
3.273028e+01
3.214267e+01
4.170390e+01
5.481915e+01
6.102253e+01
6.199474e+01
6.155365e+01
6.107567e+01
6.093293e+01
6.096944e+01
6.103580e+01
6.112733e+01
6.119497e+01
6.133288e+01
6.143748e+01
6.159895e+01
6.191335e+01
6.238373e+01
6.308662e+01
6.301625e+01
5.896044e+01
4.745876e+01
3.412287e+01
3.268060e+01
3.619040e+01
3.895189e+01
4.108226e+01
4.277389e+01
4.377822e+01
4.491682e+01
4.573634e+01
4.645505e+01
4.708419e+01
4.765464e+01
4.819994e+01
4.889565e+01
4.949719e+01
5.015885e+01
5.088390e+01
5.165471e+01
5.243207e+01
5.316502e+01
4.996372e+01
4.826759e+01
4.638124e+01
4.447593e+01
4.263828e+01
4.082654e+01
3.889913e+01
3.656893e+01
3.325362e+01
3.239760e+01
3.912250e+01
5.292371e+01
6.050941e+01
6.189766e+01
6.139345e+01
6.093093e+01
6.075698e+01
6.073803e+01
6.080838e+01
6.094461e+01
6.100338e+01
6.116035e+01
6.122889e+01
6.141537e+01
6.168238e+01
6.215981e+01
6.278355e+01
6.251838e+01
5.713565e+01
4.455804e+01
3.477751e+01
3.376012e+01
3.650386e+01
3.905943e+01
4.126882e+01
4.280249e+01
4.380868e+01
4.492805e+01
4.573398e+01
4.645477e+01
4.709408e+01
4.768013e+01
4.824394e+01
4.896342e+01
4.958195e+01
5.025676e+01
5.098985e+01
5.176368e+01
5.254052e+01
5.327141e+01
4.962275e+01
4.799100e+01
4.623018e+01
4.449032e+01
4.284179e+01
4.124463e+01
3.913741e+01
3.726710e+01
3.484938e+01
3.334049e+01
3.873626e+01
5.387312e+01
6.060595e+01
6.166521e+01
6.130355e+01
6.080576e+01
6.066393e+01
6.061753e+01
6.066668e+01
6.078433e+01
6.083877e+01
6.091574e+01
6.105792e+01
6.114188e+01
6.141826e+01
6.194944e+01
6.253790e+01
6.238256e+01
5.560242e+01
4.282381e+01
3.545724e+01
3.450746e+01
3.763335e+01
3.947517e+01
4.138149e+01
4.285306e+01
4.407547e+01
4.493884e+01
4.572453e+01
4.643752e+01
4.708138e+01
4.767882e+01
4.825744e+01
4.899535e+01
4.962514e+01
5.030589e+01
5.103892e+01
5.180773e+01
5.257723e+01
5.330137e+01
4.912218e+01
4.760097e+01
4.601011e+01
4.447221e+01
4.304119e+01
4.168388e+01
3.994350e+01
3.857211e+01
3.598190e+01
3.477933e+01
3.929585e+01
5.024451e+01
5.916984e+01
6.136908e+01
6.115806e+01
6.074775e+01
6.053181e+01
6.049152e+01
6.053880e+01
6.062498e+01
6.071061e+01
6.079127e+01
6.083858e+01
6.098567e+01
6.121757e+01
6.169025e+01
6.216924e+01
6.143287e+01
5.483834e+01
4.268591e+01
3.679058e+01
3.652639e+01
3.829877e+01
4.021732e+01
4.191723e+01
4.294885e+01
4.413004e+01
4.495794e+01
4.571561e+01
4.641472e+01
4.705752e+01
4.766093e+01
4.824870e+01
4.899698e+01
4.963049e+01
5.030878e+01
5.103295e+01
5.178851e+01
5.254395e+01
5.325679e+01
4.849776e+01
4.713665e+01
4.575248e+01
4.443731e+01
4.323148e+01
4.211811e+01
4.075364e+01
3.947398e+01
3.816271e+01
3.653563e+01
3.915706e+01
4.714923e+01
5.738363e+01
6.086273e+01
6.098930e+01
6.062997e+01
6.042752e+01
6.039838e+01
6.042245e+01
6.048110e+01
6.056330e+01
6.063200e+01
6.073701e+01
6.083233e+01
6.107677e+01
6.137654e+01
6.153543e+01
6.004990e+01
5.205078e+01
4.162141e+01
3.822071e+01
3.855785e+01
3.988928e+01
4.112023e+01
4.219488e+01
4.315538e+01
4.420308e+01
4.499267e+01
4.571923e+01
4.639734e+01
4.703407e+01
4.763727e+01
4.822679e+01
4.897491e+01
4.960315e+01
5.026986e+01
5.097632e+01
5.171039e+01
5.244466e+01
5.314081e+01
4.778486e+01
4.662625e+01
4.547326e+01
4.438948e+01
4.340515e+01
4.251541e+01
4.145852e+01
4.052083e+01
3.918647e+01
3.843521e+01
4.044193e+01
4.637075e+01
5.582646e+01
5.969704e+01
6.059370e+01
6.049055e+01
6.036170e+01
6.032425e+01
6.034646e+01
6.040309e+01
6.047564e+01
6.054160e+01
6.062564e+01
6.074342e+01
6.095362e+01
6.105706e+01
6.087981e+01
5.703933e+01
5.015829e+01
4.294822e+01
3.988303e+01
3.996665e+01
4.080711e+01
4.168760e+01
4.254406e+01
4.336556e+01
4.430408e+01
4.504224e+01
4.573899e+01
4.639338e+01
4.701983e+01
4.761664e+01
4.819992e+01
4.893627e+01
4.954969e+01
5.019580e+01
5.087632e+01
5.158131e+01
5.228736e+01
5.296068e+01
4.702337e+01
4.609393e+01
4.518160e+01
4.432715e+01
4.355455e+01
4.286541e+01
4.208465e+01
4.143817e+01
4.074749e+01
4.027792e+01
4.126907e+01
4.642427e+01
5.295149e+01
5.799286e+01
5.997493e+01
6.030918e+01
6.028488e+01
6.026921e+01
6.029042e+01
6.035205e+01
6.042078e+01
6.048565e+01
6.055896e+01
6.065763e+01
6.074778e+01
6.068902e+01
5.969163e+01
5.573433e+01
4.854733e+01
4.330888e+01
4.157806e+01
4.139273e+01
4.174720e+01
4.228623e+01
4.292107e+01
4.360046e+01
4.428920e+01
4.511790e+01
4.577759e+01
4.640924e+01
4.701969e+01
4.760448e+01
4.817427e+01
4.888828e+01
4.947812e+01
5.009549e+01
5.074293e+01
5.141257e+01
5.208448e+01
5.272920e+01
4.626096e+01
4.556727e+01
4.488998e+01
4.425337e+01
4.367846e+01
4.317421e+01
4.263246e+01
4.222681e+01
4.187266e+01
4.183443e+01
4.296946e+01
4.641820e+01
5.141584e+01
5.704424e+01
5.916741e+01
5.994765e+01
6.015174e+01
6.022080e+01
6.027705e+01
6.033155e+01
6.040541e+01
6.046687e+01
6.054021e+01
6.058544e+01
6.052518e+01
6.013328e+01
5.788419e+01
5.305698e+01
4.771782e+01
4.440990e+01
4.297281e+01
4.256216e+01
4.258201e+01
4.285267e+01
4.329709e+01
4.384925e+01
4.445283e+01
4.520876e+01
4.583581e+01
4.644404e+01
4.703593e+01
4.760350e+01
4.815391e+01
4.883751e+01
4.939716e+01
4.997942e+01
5.058806e+01
5.121743e+01
5.185090e+01
5.246296e+01
4.554708e+01
4.507981e+01
4.461839e+01
4.418144e+01
4.378766e+01
4.344979e+01
4.311491e+01
4.290820e+01
4.282797e+01
4.323426e+01
4.415356e+01
4.699551e+01
5.107846e+01
5.423996e+01
5.787128e+01
5.934604e+01
6.003926e+01
6.021557e+01
6.031786e+01
6.037001e+01
6.044781e+01
6.054312e+01
6.059518e+01
6.056046e+01
6.018930e+01
5.890930e+01
5.641224e+01
5.167524e+01
4.792537e+01
4.534882e+01
4.404656e+01
4.348383e+01
4.330179e+01
4.338607e+01
4.367829e+01
4.411650e+01
4.464207e+01
4.532567e+01
4.591793e+01
4.650082e+01
4.707000e+01
4.761539e+01
4.814169e+01
4.878960e+01
4.931512e+01
4.985835e+01
5.042432e+01
5.100979e+01
5.160170e+01
5.217852e+01
4.492255e+01
4.465849e+01
4.439189e+01
4.413540e+01
4.390488e+01
4.371625e+01
4.358763e+01
4.352795e+01
4.377162e+01
4.415729e+01
4.511130e+01
4.691998e+01
5.041241e+01
5.326654e+01
5.691272e+01
5.888202e+01
5.993943e+01
6.036153e+01
6.054130e+01
6.069950e+01
6.069349e+01
6.072110e+01
6.074376e+01
6.032858e+01
5.935483e+01
5.729049e+01
5.498603e+01
5.186623e+01
4.810707e+01
4.607312e+01
4.489261e+01
4.426492e+01
4.396095e+01
4.391176e+01
4.408022e+01
4.441701e+01
4.486698e+01
4.547102e+01
4.602575e+01
4.658070e+01
4.712329e+01
4.764185e+01
4.814027e+01
4.874924e+01
4.923888e+01
4.974159e+01
5.026318e+01
5.080268e+01
5.135073e+01
5.189016e+01
4.441494e+01
4.432939e+01
4.423624e+01
4.414021e+01
4.405456e+01
4.399877e+01
4.400000e+01
4.411934e+01
4.446559e+01
4.496481e+01
4.590414e+01
4.745259e+01
5.020863e+01
5.290133e+01
5.481333e+01
5.758852e+01
5.912696e+01
6.026239e+01
6.077766e+01
6.105285e+01
6.112844e+01
6.094388e+01
6.057520e+01
5.970020e+01
5.825676e+01
5.589720e+01
5.392204e+01
5.069408e+01
4.839116e+01
4.670441e+01
4.563091e+01
4.497319e+01
4.459153e+01
4.444386e+01
4.451078e+01
4.475729e+01
4.513215e+01
4.565327e+01
4.616474e+01
4.668704e+01
4.719672e+01
4.768460e+01
4.815236e+01
4.872041e+01
4.917370e+01
4.963601e+01
5.011340e+01
5.060658e+01
5.110958e+01
5.160961e+01
4.397171e+01
4.407742e+01
4.416723e+01
4.424036e+01
4.430864e+01
4.439415e+01
4.452733e+01
4.474854e+01
4.510633e+01
4.568139e+01
4.659486e+01
4.796701e+01
4.978713e+01
5.245034e+01
5.466083e+01
5.638720e+01
5.844333e+01
5.993153e+01
6.057314e+01
6.092419e+01
6.093015e+01
6.072979e+01
5.981317e+01
5.898137e+01
5.739912e+01
5.505000e+01
5.334462e+01
5.114875e+01
4.873389e+01
4.727595e+01
4.628022e+01
4.562321e+01
4.519717e+01
4.497916e+01
4.496648e+01
4.513705e+01
4.543719e+01
4.587321e+01
4.633691e+01
4.681724e+01
4.729026e+01
4.774483e+01
4.818025e+01
4.870559e+01
4.911362e+01
4.952659e+01
4.995044e+01
5.038727e+01
5.083424e+01
5.128328e+01
4.378492e+01
4.401348e+01
4.422037e+01
4.440144e+01
4.456793e+01
4.474360e+01
4.496136e+01
4.526175e+01
4.569246e+01
4.630817e+01
4.719169e+01
4.843506e+01
5.002400e+01
5.185128e+01
5.382652e+01
5.583372e+01
5.760380e+01
5.895862e+01
6.001231e+01
6.035791e+01
6.039684e+01
5.974323e+01
5.915442e+01
5.792635e+01
5.670967e+01
5.482891e+01
5.301443e+01
5.113259e+01
4.899291e+01
4.779430e+01
4.686622e+01
4.621771e+01
4.577103e+01
4.550806e+01
4.543866e+01
4.554300e+01
4.577649e+01
4.612408e+01
4.653490e+01
4.696955e+01
4.740340e+01
4.782311e+01
4.833568e+01
4.871343e+01
4.908591e+01
4.946057e+01
4.984325e+01
5.023684e+01
5.064027e+01
5.104837e+01
4.375277e+01
4.407536e+01
4.437037e+01
4.463198e+01
4.487178e+01
4.511501e+01
4.539544e+01
4.575157e+01
4.622474e+01
4.685807e+01
4.770646e+01
4.884628e+01
5.025363e+01
5.184406e+01
5.351037e+01
5.563236e+01
5.686043e+01
5.816385e+01
5.904853e+01
5.936939e+01
5.928890e+01
5.902055e+01
5.808855e+01
5.724932e+01
5.579823e+01
5.439043e+01
5.280214e+01
5.118442e+01
4.933861e+01
4.815139e+01
4.739980e+01
4.676731e+01
4.631178e+01
4.602573e+01
4.591341e+01
4.596103e+01
4.610183e+01
4.639779e+01
4.675431e+01
4.714196e+01
4.753536e+01
4.803789e+01
4.839511e+01
4.873988e+01
4.907777e+01
4.941538e+01
4.975843e+01
5.011044e+01
5.047178e+01
5.083950e+01
4.387068e+01
4.425816e+01
4.461154e+01
4.492542e+01
4.521284e+01
4.550034e+01
4.582137e+01
4.621104e+01
4.670239e+01
4.733169e+01
4.814330e+01
4.918830e+01
5.044764e+01
5.183671e+01
5.327452e+01
5.511736e+01
5.633094e+01
5.722832e+01
5.813971e+01
5.841782e+01
5.849215e+01
5.786954e+01
5.736016e+01
5.658150e+01
5.523913e+01
5.399628e+01
5.261728e+01
5.089294e+01
4.963367e+01
4.857355e+01
4.787010e+01
4.726961e+01
4.682072e+01
4.652335e+01
4.637910e+01
4.637826e+01
4.644548e+01
4.668575e+01
4.699087e+01
4.733223e+01
4.781038e+01
4.814741e+01
4.847205e+01
4.878466e+01
4.908920e+01
4.939133e+01
4.969647e+01
5.000861e+01
5.032936e+01
5.065753e+01
4.412526e+01
4.454976e+01
4.493303e+01
4.527224e+01
4.558290e+01
4.589256e+01
4.623351e+01
4.663705e+01
4.712976e+01
4.774129e+01
4.851095e+01
4.946198e+01
5.058888e+01
5.180875e+01
5.304512e+01
5.462266e+01
5.567062e+01
5.649385e+01
5.731880e+01
5.752390e+01
5.732910e+01
5.710282e+01
5.664500e+01
5.562655e+01
5.470146e+01
5.361327e+01
5.241933e+01
5.095570e+01
4.987318e+01
4.893168e+01
4.828149e+01
4.771831e+01
4.729006e+01
4.699212e+01
4.682779e+01
4.678357e+01
4.678926e+01
4.698006e+01
4.723875e+01
4.766415e+01
4.796925e+01
4.827277e+01
4.856524e+01
4.884655e+01
4.911911e+01
4.938751e+01
4.965674e+01
4.993101e+01
5.021284e+01
5.050250e+01
4.449593e+01
4.493206e+01
4.531987e+01
4.566079e+01
4.597331e+01
4.628569e+01
4.662860e+01
4.702975e+01
4.751133e+01
4.809476e+01
4.880901e+01
4.967363e+01
5.067212e+01
5.172683e+01
5.295655e+01
5.413549e+01
5.502703e+01
5.575719e+01
5.631348e+01
5.652422e+01
5.642654e+01
5.637204e+01
5.556333e+01
5.500105e+01
5.418356e+01
5.323595e+01
5.221697e+01
5.098117e+01
5.005795e+01
4.923196e+01
4.863847e+01
4.811761e+01
4.771351e+01
4.742073e+01
4.723928e+01
4.716745e+01
4.719727e+01
4.728351e+01
4.762259e+01
4.787511e+01
4.814281e+01
4.841180e+01
4.867267e+01
4.892350e+01
4.916549e+01
4.940205e+01
4.963761e+01
4.987632e+01
5.012125e+01
5.037384e+01
4.495699e+01
4.538318e+01
4.575479e+01
4.607837e+01
4.637546e+01
4.667474e+01
4.700507e+01
4.739105e+01
4.785118e+01
4.840028e+01
4.905484e+01
4.982249e+01
5.069129e+01
5.177684e+01
5.261689e+01
5.372185e+01
5.444442e+01
5.504647e+01
5.547958e+01
5.570065e+01
5.564816e+01
5.536135e+01
5.488479e+01
5.416663e+01
5.372453e+01
5.262434e+01
5.178537e+01
5.098717e+01
5.023150e+01
4.953339e+01
4.893639e+01
4.845439e+01
4.807571e+01
4.779283e+01
4.761052e+01
4.752730e+01
4.753726e+01
4.773595e+01
4.787869e+01
4.809396e+01
4.832618e+01
4.856169e+01
4.879173e+01
4.901304e+01
4.922576e+01
4.943239e+01
4.963662e+01
4.984233e+01
5.005283e+01
5.027027e+01
4.548041e+01
4.588001e+01
4.622009e+01
4.651246e+01
4.678136e+01
4.705564e+01
4.736244e+01
4.772362e+01
4.815426e+01
4.866335e+01
4.925425e+01
5.011622e+01
5.083514e+01
5.156670e+01
5.227910e+01
5.322033e+01
5.384246e+01
5.436330e+01
5.473632e+01
5.491307e+01
5.486995e+01
5.462740e+01
5.422039e+01
5.367252e+01
5.304778e+01
5.235492e+01
5.163849e+01
5.096046e+01
5.031454e+01
4.970176e+01
4.916770e+01
4.872998e+01
4.838132e+01
4.811981e+01
4.794827e+01
4.786476e+01
4.795098e+01
4.802970e+01
4.816003e+01
4.831665e+01
4.851543e+01
4.871913e+01
4.891935e+01
4.911220e+01
4.929707e+01
4.947564e+01
4.965089e+01
4.982627e+01
5.000505e+01
5.018977e+01
4.603821e+01
4.640012e+01
4.669911e+01
4.695161e+01
4.718406e+01
4.742525e+01
4.770084e+01
4.803025e+01
4.842508e+01
4.888821e+01
4.941360e+01
5.015139e+01
5.075711e+01
5.137300e+01
5.196472e+01
5.275752e+01
5.327142e+01
5.370712e+01
5.402107e+01
5.417130e+01
5.413753e+01
5.392992e+01
5.358592e+01
5.314949e+01
5.263958e+01
5.205822e+01
5.145427e+01
5.088377e+01
5.033878e+01
4.981285e+01
4.934610e+01
4.895670e+01
4.864503e+01
4.841111e+01
4.825670e+01
4.824549e+01
4.825159e+01
4.831286e+01
4.841852e+01
4.853918e+01
4.870694e+01
4.888052e+01
4.905220e+01
4.921786e+01
4.937635e+01
4.952869e+01
4.967727e+01
4.982501e+01
4.997495e+01
5.012971e+01
4.660465e+01
4.692316e+01
4.717685e+01
4.738565e+01
4.757757e+01
4.778119e+01
4.802082e+01
4.831369e+01
4.866805e+01
4.908087e+01
4.968196e+01
5.016183e+01
5.066696e+01
5.117643e+01
5.166071e+01
5.210711e+01
5.273721e+01
5.309406e+01
5.335355e+01
5.348069e+01
5.345620e+01
5.328514e+01
5.299868e+01
5.263952e+01
5.222533e+01
5.174666e+01
5.124181e+01
5.077036e+01
5.032142e+01
4.988211e+01
4.948312e+01
4.914635e+01
4.887507e+01
4.867171e+01
4.858215e+01
4.853141e+01
4.853426e+01
4.858257e+01
4.866765e+01
4.877998e+01
4.890966e+01
4.904223e+01
4.918687e+01
4.932676e+01
4.946048e+01
4.958850e+01
4.971264e+01
4.983536e+01
4.995932e+01
5.008706e+01
4.715769e+01
4.743169e+01
4.764033e+01
4.780581e+01
4.795683e+01
4.812156e+01
4.832307e+01
4.857678e+01
4.902267e+01
4.937850e+01
4.975854e+01
5.015504e+01
5.056746e+01
5.097990e+01
5.136768e+01
5.172216e+01
5.204547e+01
5.252554e+01
5.273553e+01
5.284151e+01
5.282567e+01
5.268863e+01
5.245524e+01
5.216454e+01
5.183154e+01
5.144018e+01
5.102443e+01
5.064305e+01
5.028218e+01
4.992296e+01
4.959045e+01
4.930635e+01
4.907676e+01
4.892865e+01
4.883663e+01
4.879545e+01
4.879768e+01
4.883622e+01
4.890416e+01
4.899430e+01
4.909903e+01
4.921117e+01
4.932011e+01
4.943585e+01
4.954645e+01
4.965204e+01
4.975395e+01
4.985415e+01
4.995495e+01
5.005863e+01
4.768015e+01
4.791190e+01
4.807898e+01
4.820462e+01
4.831737e+01
4.844459e+01
4.860824e+01
4.882224e+01
4.920785e+01
4.950838e+01
4.982122e+01
5.013946e+01
5.046565e+01
5.078869e+01
5.108926e+01
5.136223e+01
5.161108e+01
5.182959e+01
5.216757e+01
5.225492e+01
5.224696e+01
5.214051e+01
5.195485e+01
5.172549e+01
5.146536e+01
5.115186e+01
5.081443e+01
5.051266e+01
5.023052e+01
4.994416e+01
4.967450e+01
4.944229e+01
4.925906e+01
4.914085e+01
4.906911e+01
4.903808e+01
4.904092e+01
4.907172e+01
4.912518e+01
4.919599e+01
4.927851e+01
4.936733e+01
4.945776e+01
4.954227e+01
4.963150e+01
4.971654e+01
4.979832e+01
4.987839e+01
4.995867e+01
5.004117e+01
4.827246e+01
4.845751e+01
4.858041e+01
4.866405e+01
4.873567e+01
4.882107e+01
4.894086e+01
4.915696e+01
4.938002e+01
4.962728e+01
4.987628e+01
5.012090e+01
5.036641e+01
5.060692e+01
5.082893e+01
5.102993e+01
5.121320e+01
5.137500e+01
5.150468e+01
5.159869e+01
5.159958e+01
5.152607e+01
5.139182e+01
5.122886e+01
5.104829e+01
5.081992e+01
5.056721e+01
5.035201e+01
5.015661e+01
4.995172e+01
4.975489e+01
4.954818e+01
4.942181e+01
4.933325e+01
4.928093e+01
4.925945e+01
4.926308e+01
4.928726e+01
4.932820e+01
4.938213e+01
4.944506e+01
4.951303e+01
4.958252e+01
4.966762e+01
4.973262e+01
4.979455e+01
4.985397e+01
4.991202e+01
4.997013e+01
5.002993e+01
4.868980e+01
4.884325e+01
4.893760e+01
4.899461e+01
4.903977e+01
4.909725e+01
4.918665e+01
4.935953e+01
4.954119e+01
4.973812e+01
4.992694e+01
5.010250e+01
5.027292e+01
5.043807e+01
5.059039e+01
5.072882e+01
5.085519e+01
5.096816e+01
5.106299e+01
5.113911e+01
5.114632e+01
5.109481e+01
5.099497e+01
5.087685e+01
5.075083e+01
5.058130e+01
5.038679e+01
5.023119e+01
5.009617e+01
4.994875e+01
4.980495e+01
4.965636e+01
4.956766e+01
4.950700e+01
4.947229e+01
4.945897e+01
4.946282e+01
4.948084e+01
4.951068e+01
4.954988e+01
4.959574e+01
4.964539e+01
4.969627e+01
4.975872e+01
4.980647e+01
4.985197e+01
4.989566e+01
4.993838e+01
4.998131e+01
5.002575e+01
4.905406e+01
4.918071e+01
4.925196e+01
4.928803e+01
4.931226e+01
4.934709e+01
4.941094e+01
4.954592e+01
4.968976e+01
4.983990e+01
4.997282e+01
5.008470e+01
5.018688e+01
5.028525e+01
5.037800e+01
5.046407e+01
5.054287e+01
5.061508e+01
5.068116e+01
5.074283e+01
5.075536e+01
5.072195e+01
5.065058e+01
5.057005e+01
5.049056e+01
5.037185e+01
5.022762e+01
5.012328e+01
5.004028e+01
4.994288e+01
4.984636e+01
4.975116e+01
4.969711e+01
4.966143e+01
4.964165e+01
4.963450e+01
4.963763e+01
4.964970e+01
4.966966e+01
4.969614e+01
4.972736e+01
4.976135e+01
4.979622e+01
4.983895e+01
4.987152e+01
4.990255e+01
4.993239e+01
4.996175e+01
4.999158e+01
5.002290e+01
4.936494e+01
4.946865e+01
4.952100e+01
4.954045e+01
4.954822e+01
4.956495e+01
4.960775e+01
4.970997e+01
4.981973e+01
4.992730e+01
5.000986e+01
5.006550e+01
5.010890e+01
5.015195e+01
5.019767e+01
5.024349e+01
5.028517e+01
5.032474e+01
5.036727e+01
5.041652e+01
5.043269e+01
5.041331e+01
5.036456e+01
5.031446e+01
5.027354e+01
5.019775e+01
5.009614e+01
5.003461e+01
4.999444e+01
4.993844e+01
4.988182e+01
4.983267e+01
4.980841e+01
4.979339e+01
4.978507e+01
4.978186e+01
4.978341e+01
4.978988e+01
4.980135e+01
4.981726e+01
4.983653e+01
4.985771e+01
4.987943e+01
4.990577e+01
4.992557e+01
4.994427e+01
4.996226e+01
4.998020e+01
4.999885e+01
5.001912e+01
4.962299e+01
4.970627e+01
4.974224e+01
4.974767e+01
4.974174e+01
4.974340e+01
4.976845e+01
4.984197e+01
4.992127e+01
4.999133e+01
5.003113e+01
5.004120e+01
5.003952e+01
5.004312e+01
5.005805e+01
5.007818e+01
5.009432e+01
5.010904e+01
5.013182e+01
5.016873e+01
5.018586e+01
5.017616e+01
5.014429e+01
5.011761e+01
5.010725e+01
5.006641e+01
4.999974e+01
4.997201e+01
4.996402e+01
4.993885e+01
4.991240e+01
4.989862e+01
4.989692e+01
4.989685e+01
4.989611e+01
4.989484e+01
4.989445e+01
4.989632e+01
4.990123e+01
4.990921e+01
4.991954e+01
4.993117e+01
4.994299e+01
4.995675e+01
4.996655e+01
4.997541e+01
4.998376e+01
4.999228e+01
5.000171e+01
5.001280e+01
4.982867e+01
4.989254e+01
4.991290e+01
4.990498e+01
4.988625e+01
4.987410e+01
4.988299e+01
4.993048e+01
4.998283e+01
5.002162e+01
5.002897e+01
5.000856e+01
4.998122e+01
4.996681e+01
4.997116e+01
4.998236e+01
4.998508e+01
4.998190e+01
4.998712e+01
5.000964e+01
5.002404e+01
5.001929e+01
4.999867e+01
4.998861e+01
5.000082e+01
4.998666e+01
4.994665e+01
4.994238e+01
4.995366e+01
4.994594e+01
4.993685e+01
4.994385e+01
4.995526e+01
4.996344e+01
4.996647e+01
4.996594e+01
4.996428e+01
4.996350e+01
4.996466e+01
4.996798e+01
4.997296e+01
4.997871e+01
4.998428e+01
4.998983e+01
4.999279e+01
4.999463e+01
4.999583e+01
4.999714e+01
4.999930e+01
5.000307e+01
4.998193e+01
5.002602e+01
5.002995e+01
5.000773e+01
4.997535e+01
4.994904e+01
4.994204e+01
4.996528e+01
4.999461e+01
5.001020e+01
4.999894e+01
4.996838e+01
4.994071e+01
4.993462e+01
4.995131e+01
4.997120e+01
4.997252e+01
4.995757e+01
4.994608e+01
4.995058e+01
4.995766e+01
4.995288e+01
4.993813e+01
4.993826e+01
4.996507e+01
4.996885e+01
4.994577e+01
4.995208e+01
4.996639e+01
4.995916e+01
4.995122e+01
4.996099e+01
4.997458e+01
4.998417e+01
4.998808e+01
4.998828e+01
4.998728e+01
4.998685e+01
4.998788e+01
4.999047e+01
4.999414e+01
4.999809e+01
5.000138e+01
5.000346e+01
5.000309e+01
5.000108e+01
4.999795e+01
4.999445e+01
4.999146e+01
4.998976e+01
