1.502128e+03
1.500454e+03
1.500397e+03
1.502666e+03
1.503248e+03
1.500535e+03
1.499998e+03
1.501199e+03
1.501033e+03
1.498728e+03
1.501220e+03
1.501348e+03
1.501774e+03
1.501156e+03
1.502261e+03
1.501635e+03
1.500220e+03
1.499067e+03
1.498446e+03
1.498720e+03
1.497041e+03
1.497524e+03
1.500677e+03
1.495824e+03
1.498416e+03
1.501227e+03
1.500790e+03
1.498399e+03
1.498648e+03
1.500916e+03
1.501678e+03
1.503046e+03
1.498477e+03
1.498530e+03
1.499481e+03
1.499928e+03
1.500139e+03
1.500159e+03
1.500159e+03
1.500155e+03
1.500141e+03
1.500107e+03
1.500046e+03
1.499935e+03
1.499840e+03
1.499754e+03
1.499694e+03
1.499678e+03
1.499729e+03
1.499878e+03
1.502719e+03
1.501517e+03
1.499882e+03
1.500597e+03
1.501980e+03
1.500784e+03
1.499010e+03
1.500621e+03
1.501026e+03
1.501979e+03
1.501496e+03
1.501142e+03
1.501519e+03
1.501258e+03
1.501597e+03
1.500470e+03
1.500296e+03
1.499687e+03
1.498188e+03
1.498737e+03
1.497879e+03
1.499185e+03
1.499664e+03
1.500645e+03
1.500318e+03
1.500603e+03
1.500226e+03
1.500287e+03
1.500759e+03
1.500963e+03
1.504314e+03
1.498717e+03
1.498543e+03
1.499807e+03
1.499986e+03
1.500153e+03
1.500160e+03
1.500160e+03
1.500156e+03
1.500143e+03
1.500111e+03
1.500052e+03
1.499966e+03
1.499843e+03
1.499754e+03
1.499700e+03
1.499712e+03
1.499829e+03
1.500076e+03
1.500396e+03
1.503020e+03
1.502121e+03
1.501044e+03
1.499558e+03
1.500350e+03
1.501136e+03
1.500290e+03
1.500280e+03
1.501171e+03
1.501095e+03
1.500209e+03
1.501180e+03
1.501359e+03
1.501537e+03
1.500916e+03
1.500939e+03
1.501485e+03
1.499775e+03
1.498369e+03
1.498734e+03
1.497837e+03
1.498966e+03
1.498829e+03
1.501925e+03
1.499721e+03
1.500584e+03
1.500999e+03
1.500173e+03
1.500735e+03
1.502185e+03
1.504860e+03
1.498746e+03
1.499858e+03
1.500104e+03
1.500155e+03
1.500160e+03
1.500161e+03
1.500157e+03
1.500146e+03
1.500117e+03
1.500061e+03
1.499976e+03
1.499875e+03
1.499757e+03
1.499718e+03
1.499785e+03
1.500001e+03
1.500327e+03
1.500629e+03
1.500840e+03
1.503674e+03
1.502361e+03
1.501611e+03
1.500647e+03
1.499431e+03
1.499799e+03
1.499042e+03
1.499173e+03
1.500512e+03
1.500906e+03
1.503512e+03
1.501651e+03
1.501222e+03
1.501618e+03
1.500879e+03
1.501061e+03
1.501249e+03
1.500253e+03
1.499916e+03
1.498407e+03
1.499971e+03
1.496795e+03
1.498034e+03
1.500233e+03
1.500143e+03
1.501057e+03
1.499956e+03
1.500138e+03
1.501238e+03
1.505387e+03
1.499146e+03
1.499865e+03
1.500129e+03
1.500153e+03
1.500160e+03
1.500161e+03
1.500159e+03
1.500149e+03
1.500123e+03
1.500071e+03
1.499988e+03
1.499884e+03
1.499784e+03
1.499762e+03
1.499922e+03
1.500241e+03
1.500573e+03
1.500810e+03
1.500960e+03
1.501055e+03
1.506010e+03
1.503689e+03
1.501642e+03
1.501157e+03
1.500309e+03
1.499415e+03
1.499318e+03
1.498990e+03
1.500222e+03
1.501146e+03
1.500983e+03
1.501773e+03
1.501346e+03
1.501337e+03
1.500981e+03
1.500982e+03
1.500005e+03
1.500814e+03
1.499759e+03
1.498140e+03
1.499133e+03
1.497275e+03
1.498090e+03
1.499518e+03
1.498690e+03
1.500429e+03
1.499551e+03
1.500920e+03
1.502231e+03
1.501950e+03
1.499826e+03
1.500121e+03
1.500150e+03
1.500159e+03
1.500162e+03
1.500160e+03
1.500152e+03
1.500130e+03
1.500082e+03
1.500003e+03
1.499895e+03
1.499799e+03
1.499818e+03
1.500136e+03
1.500500e+03
1.500776e+03
1.500947e+03
1.501052e+03
1.501123e+03
1.501176e+03
1.504254e+03
1.504675e+03
1.504141e+03
1.500901e+03
1.500707e+03
1.500037e+03
1.499315e+03
1.498989e+03
1.500090e+03
1.500442e+03
1.500824e+03
1.503530e+03
1.501938e+03
1.501423e+03
1.501281e+03
1.501342e+03
1.500675e+03
1.502329e+03
1.499607e+03
1.498194e+03
1.498172e+03
1.496817e+03
1.496820e+03
1.499501e+03
1.500269e+03
1.499858e+03
1.500034e+03
1.501253e+03
1.505313e+03
1.500113e+03
1.500073e+03
1.500144e+03
1.500158e+03
1.500163e+03
1.500162e+03
1.500156e+03
1.500137e+03
1.500096e+03
1.500019e+03
1.499910e+03
1.499834e+03
1.499955e+03
1.500312e+03
1.500738e+03
1.500935e+03
1.501050e+03
1.501121e+03
1.501173e+03
1.501214e+03
1.501248e+03
1.502006e+03
1.503206e+03
1.503628e+03
1.503174e+03
1.501442e+03
1.500146e+03
1.499807e+03
1.498678e+03
1.497308e+03
1.499795e+03
1.501137e+03
1.500692e+03
1.502191e+03
1.501817e+03
1.501745e+03
1.500659e+03
1.502313e+03
1.501849e+03
1.499861e+03
1.498822e+03
1.498263e+03
1.496949e+03
1.496756e+03
1.496923e+03
1.500472e+03
1.500298e+03
1.501277e+03
1.503076e+03
1.502222e+03
1.500025e+03
1.500121e+03
1.500157e+03
1.500164e+03
1.500166e+03
1.500162e+03
1.500148e+03
1.500112e+03
1.500041e+03
1.499938e+03
1.499923e+03
1.500206e+03
1.500614e+03
1.500881e+03
1.501045e+03
1.501112e+03
1.501155e+03
1.501185e+03
1.501205e+03
1.501217e+03
1.501221e+03
1.499085e+03
1.500728e+03
1.502171e+03
1.502826e+03
1.502462e+03
1.501288e+03
1.499733e+03
1.499021e+03
1.498229e+03
1.500180e+03
1.500457e+03
1.501342e+03
1.501643e+03
1.502114e+03
1.502531e+03
1.501296e+03
1.508336e+03
1.502333e+03
1.500326e+03
1.504121e+03
1.497447e+03
1.498251e+03
1.497089e+03
1.498809e+03
1.500314e+03
1.501692e+03
1.502833e+03
1.504434e+03
1.500186e+03
1.500084e+03
1.500153e+03
1.500166e+03
1.500171e+03
1.500171e+03
1.500164e+03
1.500138e+03
1.500080e+03
1.500007e+03
1.500141e+03
1.500562e+03
1.500867e+03
1.501007e+03
1.501065e+03
1.501056e+03
1.501040e+03
1.501015e+03
1.500981e+03
1.500944e+03
1.500906e+03
1.500871e+03
1.497754e+03
1.498637e+03
1.500206e+03
1.501767e+03
1.502506e+03
1.502023e+03
1.500224e+03
1.499423e+03
1.498198e+03
1.497718e+03
1.500554e+03
1.500887e+03
1.501620e+03
1.501922e+03
1.502730e+03
1.503571e+03
1.504394e+03
1.515594e+03
1.498992e+03
1.500156e+03
1.494726e+03
1.495863e+03
1.496701e+03
1.498733e+03
1.501465e+03
1.502446e+03
1.503503e+03
1.497073e+03
1.500049e+03
1.500145e+03
1.500172e+03
1.500186e+03
1.500196e+03
1.500202e+03
1.500190e+03
1.500155e+03
1.500186e+03
1.500528e+03
1.500834e+03
1.500944e+03
1.500968e+03
1.500913e+03
1.500892e+03
1.500872e+03
1.500851e+03
1.500832e+03
1.500812e+03
1.500787e+03
1.500756e+03
1.500720e+03
1.497360e+03
1.497667e+03
1.498359e+03
1.499793e+03
1.501455e+03
1.502287e+03
1.501659e+03
1.499094e+03
1.497554e+03
1.497514e+03
1.497165e+03
1.498780e+03
1.502063e+03
1.504117e+03
1.504261e+03
1.502920e+03
1.504984e+03
1.503357e+03
1.538780e+03
1.543292e+03
1.575870e+03
1.545469e+03
1.492143e+03
1.494349e+03
1.501966e+03
1.502534e+03
1.507014e+03
1.501537e+03
1.500123e+03
1.500202e+03
1.500240e+03
1.500268e+03
1.500287e+03
1.500287e+03
1.500285e+03
1.500442e+03
1.500697e+03
1.500820e+03
1.500859e+03
1.500866e+03
1.500837e+03
1.500803e+03
1.500718e+03
1.500542e+03
1.500368e+03
1.502988e+03
1.500141e+03
1.504014e+03
1.499594e+03
1.499930e+03
1.497263e+03
1.497415e+03
1.497687e+03
1.498263e+03
1.499534e+03
1.501220e+03
1.502043e+03
1.501070e+03
1.496688e+03
1.497226e+03
1.497055e+03
1.496627e+03
1.498942e+03
1.506956e+03
1.507136e+03
1.513959e+03
1.521669e+03
1.551806e+03
4.753118e+03
4.773124e+03
4.764117e+03
4.734984e+03
4.730852e+03
1.523158e+03
1.492549e+03
1.502085e+03
1.505774e+03
1.501790e+03
1.500357e+03
1.500425e+03
1.500445e+03
1.500430e+03
1.500374e+03
1.500399e+03
1.500524e+03
1.500626e+03
1.500675e+03
1.500667e+03
1.500575e+03
1.502088e+03
1.502745e+03
1.499338e+03
1.499786e+03
1.501177e+03
1.499884e+03
1.499868e+03
1.499971e+03
1.500005e+03
1.500019e+03
1.500027e+03
1.497324e+03
1.497440e+03
1.497612e+03
1.497902e+03
1.498462e+03
1.499618e+03
1.501142e+03
1.501536e+03
1.498215e+03
1.494688e+03
1.496798e+03
1.496846e+03
1.497697e+03
1.508424e+03
1.494956e+03
4.819606e+03
4.906698e+03
4.983929e+03
4.939310e+03
4.954880e+03
4.949334e+03
4.918994e+03
4.934277e+03
4.882506e+03
4.861287e+03
1.478548e+03
1.508258e+03
1.502613e+03
1.501891e+03
1.501010e+03
1.500873e+03
1.500843e+03
1.500689e+03
1.500686e+03
1.505111e+03
1.496724e+03
1.498607e+03
1.499299e+03
1.500497e+03
1.499772e+03
1.499786e+03
1.499839e+03
1.499895e+03
1.499940e+03
1.499974e+03
1.499997e+03
1.500012e+03
1.500025e+03
1.500042e+03
1.500075e+03
1.497621e+03
1.497795e+03
1.498020e+03
1.498329e+03
1.498785e+03
1.499504e+03
1.500573e+03
1.500992e+03
1.499390e+03
1.490819e+03
1.482458e+03
1.494692e+03
1.516633e+03
1.473821e+03
4.826864e+03
4.974637e+03
4.988361e+03
4.985813e+03
5.013057e+03
5.013755e+03
5.017719e+03
5.007061e+03
4.999959e+03
4.982807e+03
4.949063e+03
4.887019e+03
4.733327e+03
1.515132e+03
1.501025e+03
1.489677e+03
1.485786e+03
1.499273e+03
1.500676e+03
1.500831e+03
1.500863e+03
1.500771e+03
1.500500e+03
1.500153e+03
1.499862e+03
1.499801e+03
1.499828e+03
1.499883e+03
1.499935e+03
1.499975e+03
1.500002e+03
1.500024e+03
1.500054e+03
1.500048e+03
1.499086e+03
1.500319e+03
1.498401e+03
1.498735e+03
1.499159e+03
1.499714e+03
1.500414e+03
1.501144e+03
1.501407e+03
1.500502e+03
1.498857e+03
1.487418e+03
1.490147e+03
1.510383e+03
1.518885e+03
4.773925e+03
4.937434e+03
5.032803e+03
5.029995e+03
5.027858e+03
5.023213e+03
5.016968e+03
5.011797e+03
5.010209e+03
5.000285e+03
5.002241e+03
5.009768e+03
4.967147e+03
4.802508e+03
4.511034e+03
1.534165e+03
1.502771e+03
1.502192e+03
1.501572e+03
1.501166e+03
1.501163e+03
1.501136e+03
1.500900e+03
1.500460e+03
1.500062e+03
1.499859e+03
1.499877e+03
1.499932e+03
1.499979e+03
1.500011e+03
1.500039e+03
1.500080e+03
1.499652e+03
1.500998e+03
1.500269e+03
1.500277e+03
1.500278e+03
1.498570e+03
1.498229e+03
1.497541e+03
1.496919e+03
1.496978e+03
1.497618e+03
1.498220e+03
1.498920e+03
1.493461e+03
1.489534e+03
1.501865e+03
1.589146e+03
4.581865e+03
4.938289e+03
5.036445e+03
5.042598e+03
5.032686e+03
5.025514e+03
5.017510e+03
5.015498e+03
4.997076e+03
5.002472e+03
5.012065e+03
5.013247e+03
5.009149e+03
5.019170e+03
4.962514e+03
4.636825e+03
1.578201e+03
1.510282e+03
1.502998e+03
1.502245e+03
1.502054e+03
1.501871e+03
1.501295e+03
1.500613e+03
1.500156e+03
1.500013e+03
1.500071e+03
1.500090e+03
1.500101e+03
1.500117e+03
1.500122e+03
1.500037e+03
1.500326e+03
1.500289e+03
1.500285e+03
1.500281e+03
1.500276e+03
1.500269e+03
1.496275e+03
1.496007e+03
1.495190e+03
1.493679e+03
1.486406e+03
1.492112e+03
1.494045e+03
1.493434e+03
1.492492e+03
1.493517e+03
1.584953e+03
3.956537e+03
4.760940e+03
5.001711e+03
5.066673e+03
5.057691e+03
5.035828e+03
5.015985e+03
5.009098e+03
5.011544e+03
5.003455e+03
5.003795e+03
5.003369e+03
5.014648e+03
5.025704e+03
5.042113e+03
5.021975e+03
4.751888e+03
4.206538e+03
1.613038e+03
1.507055e+03
1.503242e+03
1.502440e+03
1.501179e+03
1.500575e+03
1.500233e+03
1.500202e+03
1.500200e+03
1.500236e+03
1.500247e+03
1.499862e+03
1.500753e+03
1.500331e+03
1.500321e+03
1.500307e+03
1.500294e+03
1.500280e+03
1.500264e+03
1.500258e+03
1.500275e+03
1.494319e+03
1.494273e+03
1.494683e+03
1.495972e+03
1.494111e+03
1.484987e+03
1.504260e+03
1.495644e+03
1.497302e+03
1.571320e+03
1.794890e+03
4.193487e+03
4.885501e+03
5.093354e+03
5.095946e+03
5.054823e+03
5.027442e+03
5.012148e+03
5.008522e+03
5.012020e+03
5.003012e+03
5.002685e+03
5.003233e+03
5.020412e+03
5.024880e+03
5.048181e+03
5.034738e+03
4.886277e+03
4.423641e+03
1.822687e+03
1.565244e+03
1.505453e+03
1.502205e+03
1.500723e+03
1.500445e+03
1.500367e+03
1.500320e+03
1.500097e+03
1.500889e+03
1.500395e+03
1.500375e+03
1.500349e+03
1.500328e+03
1.500309e+03
1.500289e+03
1.500273e+03
1.500278e+03
1.500298e+03
1.500290e+03
1.500255e+03
1.491087e+03
1.499501e+03
1.497113e+03
1.495817e+03
1.495187e+03
1.494774e+03
1.494270e+03
1.493891e+03
1.504321e+03
1.594531e+03
3.446823e+03
4.258097e+03
5.012081e+03
5.126872e+03
5.086123e+03
5.056664e+03
5.027000e+03
5.008278e+03
5.008217e+03
5.009545e+03
5.006850e+03
5.002659e+03
5.003069e+03
5.018902e+03
5.013843e+03
5.050170e+03
5.077766e+03
5.008021e+03
4.501874e+03
3.533995e+03
1.732588e+03
1.514444e+03
1.502690e+03
1.500791e+03
1.500678e+03
1.500532e+03
1.504274e+03
1.500497e+03
1.500441e+03
1.500397e+03
1.500361e+03
1.500330e+03
1.500304e+03
1.500298e+03
1.500315e+03
1.500311e+03
1.500274e+03
1.500234e+03
1.500202e+03
1.500178e+03
1.494346e+03
1.493768e+03
1.493182e+03
1.492753e+03
1.492494e+03
1.492132e+03
1.492333e+03
1.493291e+03
1.531191e+03
1.848494e+03
3.303704e+03
4.383932e+03
4.999860e+03
5.149036e+03
5.108059e+03
5.067381e+03
5.027095e+03
5.012143e+03
5.008159e+03
5.008638e+03
5.009261e+03
5.006105e+03
5.004272e+03
5.005487e+03
5.018701e+03
5.059358e+03
5.090515e+03
5.032382e+03
4.611566e+03
3.617756e+03
1.892036e+03
1.516731e+03
1.502503e+03
1.501488e+03
1.501039e+03
1.500788e+03
1.500649e+03
1.500547e+03
1.500473e+03
1.500418e+03
1.500391e+03
1.500388e+03
1.500352e+03
1.500307e+03
1.500256e+03
1.500217e+03
1.500190e+03
1.500170e+03
1.500156e+03
1.500145e+03
1.492627e+03
1.492444e+03
1.492155e+03
1.491788e+03
1.492403e+03
1.489174e+03
1.493231e+03
1.511106e+03
1.562526e+03
1.889500e+03
3.497023e+03
4.540495e+03
5.053717e+03
5.129373e+03
5.093037e+03
5.052097e+03
5.025505e+03
5.016976e+03
5.008197e+03
5.008846e+03
5.008871e+03
5.009811e+03
5.005004e+03
5.006966e+03
5.023599e+03
5.070285e+03
5.091053e+03
5.079228e+03
4.726843e+03
3.841320e+03
2.112981e+03
1.572100e+03
1.504596e+03
1.501731e+03
1.501160e+03
1.500902e+03
1.500746e+03
1.500649e+03
1.500599e+03
1.500524e+03
1.500427e+03
1.500348e+03
1.500288e+03
1.500233e+03
1.500201e+03
1.500177e+03
1.500159e+03
1.500146e+03
1.500135e+03
1.500128e+03
1.492400e+03
1.492316e+03
1.494688e+03
1.491233e+03
1.492470e+03
1.494277e+03
1.500339e+03
1.523385e+03
1.577387e+03
1.885337e+03
3.493144e+03
4.560180e+03
5.074871e+03
5.110948e+03
5.094166e+03
5.055767e+03
5.027578e+03
5.018386e+03
5.011543e+03
5.008408e+03
5.005392e+03
5.009450e+03
5.007651e+03
5.010316e+03
5.015227e+03
5.034612e+03
5.079428e+03
5.076382e+03
4.755718e+03
3.838174e+03
2.049368e+03
1.599928e+03
1.513407e+03
1.509042e+03
1.503095e+03
1.501112e+03
1.500956e+03
1.500715e+03
1.500569e+03
1.500468e+03
1.500395e+03
1.500340e+03
1.500296e+03
1.500250e+03
1.500219e+03
1.500192e+03
1.500170e+03
1.500151e+03
1.500137e+03
1.500126e+03
1.487563e+03
1.491581e+03
1.492930e+03
1.493464e+03
1.494732e+03
1.497919e+03
1.505130e+03
1.519818e+03
1.564799e+03
1.710171e+03
3.280209e+03
4.410245e+03
5.031945e+03
5.135588e+03
5.093917e+03
5.041244e+03
5.024667e+03
5.013193e+03
5.012059e+03
5.008420e+03
5.008903e+03
5.002871e+03
5.001459e+03
5.014148e+03
5.013660e+03
5.022866e+03
5.073559e+03
5.023690e+03
4.613610e+03
3.628064e+03
1.932587e+03
1.547626e+03
1.521846e+03
1.508246e+03
1.502278e+03
1.502025e+03
1.501561e+03
1.500819e+03
1.500643e+03
1.500536e+03
1.500459e+03
1.500400e+03
1.500352e+03
1.500301e+03
1.500266e+03
1.500235e+03
1.500206e+03
1.500181e+03
1.500159e+03
1.500141e+03
1.493712e+03
1.494027e+03
1.494360e+03
1.495001e+03
1.496736e+03
1.499426e+03
1.506911e+03
1.513144e+03
1.528387e+03
1.592392e+03
2.009806e+03
4.492399e+03
5.038604e+03
5.124078e+03
5.080606e+03
5.048297e+03
5.030506e+03
5.008888e+03
5.011089e+03
5.007283e+03
5.019754e+03
5.007228e+03
5.002859e+03
5.009729e+03
5.009760e+03
5.014146e+03
5.068580e+03
5.029235e+03
4.507249e+03
3.514978e+03
1.725242e+03
1.548777e+03
1.503683e+03
1.503143e+03
1.502598e+03
1.502255e+03
1.502068e+03
1.501939e+03
1.501003e+03
1.500712e+03
1.500586e+03
1.500503e+03
1.500442e+03
1.500381e+03
1.500341e+03
1.500305e+03
1.500272e+03
1.500240e+03
1.500211e+03
1.500183e+03
1.495165e+03
1.495372e+03
1.495875e+03
1.498294e+03
1.499140e+03
1.501357e+03
1.504541e+03
1.505249e+03
1.510639e+03
1.534458e+03
1.752937e+03
4.204770e+03
4.919797e+03
5.084325e+03
5.073264e+03
5.033185e+03
5.023560e+03
5.016604e+03
5.007821e+03
5.009611e+03
5.007752e+03
5.004939e+03
5.000924e+03
5.000770e+03
5.028354e+03
5.025623e+03
5.053009e+03
5.029744e+03
4.469333e+03
1.811172e+03
1.590621e+03
1.503578e+03
1.502925e+03
1.502843e+03
1.502544e+03
1.502386e+03
1.502165e+03
1.502035e+03
1.501998e+03
1.501444e+03
1.500852e+03
1.500662e+03
1.500559e+03
1.500473e+03
1.500422e+03
1.500380e+03
1.500344e+03
1.500312e+03
1.500280e+03
1.500251e+03
1.496067e+03
1.496841e+03
1.498284e+03
1.498339e+03
1.499725e+03
1.500779e+03
1.499284e+03
1.505364e+03
1.501064e+03
1.504366e+03
1.561597e+03
3.958891e+03
4.790142e+03
5.064161e+03
5.076936e+03
5.023819e+03
5.024809e+03
5.016680e+03
5.002299e+03
5.022191e+03
5.017623e+03
5.015021e+03
5.012328e+03
5.014740e+03
5.002269e+03
5.020256e+03
5.024383e+03
4.896429e+03
4.262683e+03
1.622703e+03
1.517568e+03
1.502176e+03
1.502309e+03
1.502349e+03
1.502297e+03
1.502212e+03
1.502134e+03
1.502031e+03
1.501945e+03
1.501913e+03
1.501901e+03
1.501163e+03
1.500787e+03
1.500607e+03
1.500525e+03
1.500464e+03
1.500417e+03
1.500378e+03
1.500345e+03
1.500315e+03
1.497042e+03
1.497885e+03
1.497928e+03
1.499389e+03
1.499714e+03
1.499059e+03
1.501163e+03
1.498917e+03
1.496526e+03
1.492113e+03
1.498740e+03
1.566878e+03
4.665657e+03
4.972962e+03
5.038006e+03
5.020340e+03
5.011220e+03
5.015215e+03
5.014918e+03
5.018287e+03
5.007413e+03
5.018742e+03
5.015762e+03
5.014671e+03
5.015842e+03
5.018644e+03
4.982369e+03
4.676590e+03
1.583294e+03
1.529852e+03
1.504719e+03
1.501861e+03
1.502062e+03
1.502089e+03
1.502023e+03
1.501962e+03
1.501941e+03
1.501881e+03
1.501831e+03
1.501790e+03
1.501776e+03
1.501821e+03
1.501818e+03
1.501068e+03
1.500784e+03
1.500648e+03
1.500563e+03
1.500502e+03
1.500454e+03
1.500416e+03
1.497583e+03
1.497608e+03
1.499057e+03
1.499280e+03
1.498785e+03
1.501276e+03
1.499160e+03
1.498078e+03
1.493528e+03
1.483818e+03
1.482133e+03
1.500790e+03
1.526360e+03
4.835009e+03
4.988175e+03
5.006397e+03
5.010411e+03
5.031630e+03
5.019824e+03
4.992997e+03
5.010158e+03
5.014951e+03
5.023183e+03
5.019941e+03
4.991138e+03
4.983196e+03
4.859402e+03
4.586857e+03
1.528620e+03
1.503667e+03
1.502089e+03
1.501876e+03
1.501958e+03
1.501994e+03
1.501946e+03
1.501866e+03
1.501806e+03
1.501751e+03
1.501713e+03
1.501684e+03
1.501664e+03
1.501660e+03
1.501696e+03
1.501836e+03
1.501816e+03
1.501334e+03
1.500997e+03
1.500832e+03
1.500731e+03
1.500659e+03
1.497585e+03
1.499157e+03
1.499597e+03
1.499053e+03
1.500028e+03
1.501277e+03
1.500566e+03
1.499488e+03
1.495734e+03
1.487783e+03
1.482411e+03
1.503549e+03
1.514847e+03
4.753075e+03
4.925312e+03
4.979928e+03
4.985256e+03
4.996114e+03
5.003524e+03
5.016281e+03
5.018840e+03
5.018113e+03
5.005874e+03
5.004537e+03
4.985799e+03
4.907619e+03
4.749513e+03
1.521475e+03
1.502181e+03
1.501311e+03
1.501777e+03
1.502069e+03
1.501977e+03
1.501877e+03
1.501818e+03
1.501775e+03
1.501727e+03
1.501715e+03
1.501689e+03
1.501665e+03
1.501640e+03
1.501620e+03
1.501614e+03
1.501652e+03
1.501749e+03
1.501932e+03
1.501932e+03
1.501589e+03
1.501262e+03
1.501073e+03
1.499822e+03
1.501120e+03
1.500258e+03
1.500928e+03
1.505239e+03
1.507956e+03
1.507038e+03
1.503774e+03
1.492026e+03
1.497508e+03
1.500696e+03
1.501407e+03
1.500011e+03
1.500479e+03
1.493349e+03
4.859125e+03
4.937936e+03
4.989442e+03
5.011567e+03
5.000929e+03
4.991986e+03
5.005816e+03
4.970129e+03
4.970471e+03
4.855712e+03
1.504795e+03
1.503029e+03
1.503104e+03
1.501069e+03
1.501020e+03
1.501140e+03
1.501886e+03
1.501899e+03
1.501976e+03
1.501930e+03
1.501800e+03
1.501689e+03
1.501617e+03
1.501609e+03
1.501614e+03
1.501615e+03
1.501607e+03
1.501596e+03
1.501592e+03
1.501617e+03
1.501685e+03
1.501840e+03
1.502052e+03
1.502005e+03
1.501714e+03
1.505349e+03
1.504492e+03
1.507109e+03
1.508658e+03
1.509463e+03
1.505226e+03
1.502901e+03
1.499766e+03
1.500906e+03
1.500522e+03
1.500943e+03
1.501145e+03
1.501078e+03
1.500791e+03
1.502524e+03
1.494631e+03
1.505560e+03
4.722837e+03
4.756522e+03
4.700528e+03
4.809466e+03
4.809921e+03
1.853922e+03
1.485922e+03
1.500640e+03
1.502789e+03
1.502924e+03
1.502913e+03
1.503321e+03
1.501014e+03
1.500983e+03
1.501246e+03
1.501712e+03
1.501749e+03
1.501879e+03
1.501950e+03
1.501948e+03
1.501753e+03
1.501621e+03
1.501546e+03
1.501535e+03
1.501544e+03
1.501553e+03
1.501555e+03
1.501557e+03
1.501576e+03
1.501628e+03
1.501732e+03
1.501949e+03
1.502127e+03
1.510983e+03
1.509502e+03
1.506285e+03
1.507176e+03
1.504239e+03
1.496605e+03
1.501671e+03
1.502021e+03
1.500576e+03
1.500794e+03
1.500890e+03
1.501018e+03
1.499867e+03
1.497773e+03
1.498757e+03
1.499009e+03
1.499332e+03
1.494135e+03
1.525856e+03
1.551509e+03
1.492613e+03
1.491981e+03
1.494587e+03
1.499843e+03
1.500125e+03
1.499956e+03
1.502271e+03
1.502889e+03
1.502972e+03
1.500815e+03
1.500835e+03
1.501002e+03
1.501501e+03
1.501571e+03
1.501637e+03
1.501765e+03
1.501856e+03
1.501951e+03
1.501936e+03
1.501827e+03
1.501674e+03
1.501560e+03
1.501511e+03
1.501500e+03
1.501504e+03
1.501509e+03
1.501525e+03
1.501565e+03
1.501642e+03
1.501794e+03
1.507477e+03
1.505226e+03
1.498285e+03
1.501698e+03
1.501966e+03
1.502273e+03
1.502719e+03
1.500893e+03
1.500947e+03
1.501034e+03
1.500590e+03
1.498081e+03
1.497417e+03
1.498828e+03
1.499241e+03
1.499587e+03
1.500265e+03
1.498957e+03
1.496916e+03
1.495156e+03
1.500389e+03
1.500519e+03
1.500233e+03
1.499552e+03
1.500208e+03
1.500214e+03
1.500098e+03
1.501352e+03
1.501692e+03
1.502565e+03
1.500789e+03
1.500774e+03
1.500806e+03
1.501447e+03
1.501520e+03
1.501613e+03
1.501665e+03
1.501794e+03
1.501876e+03
1.501929e+03
1.501917e+03
1.501853e+03
1.501748e+03
1.501675e+03
1.501567e+03
1.501502e+03
1.501474e+03
1.501467e+03
1.501483e+03
1.501529e+03
1.518368e+03
1.501908e+03
1.504266e+03
1.502759e+03
1.502588e+03
1.502141e+03
1.503389e+03
1.501353e+03
1.500837e+03
1.499518e+03
1.497619e+03
1.497493e+03
1.498771e+03
1.499240e+03
1.499664e+03
1.500190e+03
1.500799e+03
1.500276e+03
1.500416e+03
1.500766e+03
1.500131e+03
1.500518e+03
1.500525e+03
1.500166e+03
1.500233e+03
1.500209e+03
1.500245e+03
1.499245e+03
1.500946e+03
1.501636e+03
1.500000e+03
1.500756e+03
1.500737e+03
1.501179e+03
1.501335e+03
1.501108e+03
1.501157e+03
1.501601e+03
1.501733e+03
1.501778e+03
1.501839e+03
1.501881e+03
1.501871e+03
1.501869e+03
1.501836e+03
1.501755e+03
1.501645e+03
1.501549e+03
1.501489e+03
1.501466e+03
1.502693e+03
1.504798e+03
1.501219e+03
1.502687e+03
1.502945e+03
1.502252e+03
1.501502e+03
1.500269e+03
1.498746e+03
1.497526e+03
1.497588e+03
1.498673e+03
1.499263e+03
1.499701e+03
1.500183e+03
1.500891e+03
1.501002e+03
1.500292e+03
1.500554e+03
1.501231e+03
1.498309e+03
1.500484e+03
1.500546e+03
1.500415e+03
1.500032e+03
1.500225e+03
1.500227e+03
1.500241e+03
1.501058e+03
1.501168e+03
1.501028e+03
1.499801e+03
1.500724e+03
1.500699e+03
1.501614e+03
1.501365e+03
1.501027e+03
1.501054e+03
1.501151e+03
1.501353e+03
1.501615e+03
1.501721e+03
1.501803e+03
1.501796e+03
1.501814e+03
1.501844e+03
1.501849e+03
1.501811e+03
1.501728e+03
1.501627e+03
1.504967e+03
1.503007e+03
1.502948e+03
1.503623e+03
1.503073e+03
1.501555e+03
1.499780e+03
1.498399e+03
1.497514e+03
1.497664e+03
1.498572e+03
1.499244e+03
1.499740e+03
1.500190e+03
1.500715e+03
1.501185e+03
1.501137e+03
1.500271e+03
1.500846e+03
1.501395e+03
1.501517e+03
1.499828e+03
1.500528e+03
1.500476e+03
1.500264e+03
1.500254e+03
1.500233e+03
1.500257e+03
1.499084e+03
1.500964e+03
1.500948e+03
1.499345e+03
1.500112e+03
1.500657e+03
1.500289e+03
1.501986e+03
1.501131e+03
1.500997e+03
1.501004e+03
1.501031e+03
1.501056e+03
1.501125e+03
1.501264e+03
1.501484e+03
1.501685e+03
1.501766e+03
1.501772e+03
1.501795e+03
1.501824e+03
1.501827e+03
1.505066e+03
1.503563e+03
1.503755e+03
1.503128e+03
1.501867e+03
1.499581e+03
1.498248e+03
1.497514e+03
1.497709e+03
1.498471e+03
1.499205e+03
1.499745e+03
1.500208e+03
1.500674e+03
1.501161e+03
1.501266e+03
1.501141e+03
1.500295e+03
1.500897e+03
1.501367e+03
1.501606e+03
1.500130e+03
1.500472e+03
1.500513e+03
1.500319e+03
1.500193e+03
1.500245e+03
1.500253e+03
1.500209e+03
1.500185e+03
1.501017e+03
1.502780e+03
1.499246e+03
1.501846e+03
1.500205e+03
1.500404e+03
1.501809e+03
1.501071e+03
1.500977e+03
1.500976e+03
1.500993e+03
1.501013e+03
1.501037e+03
1.501075e+03
1.501141e+03
1.501254e+03
1.501426e+03
1.501624e+03
1.501743e+03
1.501763e+03
1.504151e+03
1.503569e+03
1.502922e+03
1.501569e+03
1.499575e+03
1.498198e+03
1.497522e+03
1.497732e+03
1.498324e+03
1.499188e+03
1.499698e+03
1.500193e+03
1.500644e+03
1.501058e+03
1.501586e+03
1.501272e+03
1.501114e+03
1.500299e+03
1.500897e+03
1.501461e+03
1.501617e+03
1.501609e+03
1.500072e+03
1.500505e+03
1.500346e+03
1.500260e+03
1.500262e+03
1.500259e+03
1.500250e+03
1.499545e+03
1.500711e+03
1.500767e+03
1.499266e+03
1.500994e+03
1.501929e+03
1.500054e+03
1.500812e+03
1.501093e+03
1.500883e+03
1.500964e+03
1.500959e+03
1.500969e+03
1.500987e+03
1.501006e+03
1.501025e+03
1.501049e+03
1.501076e+03
1.501114e+03
1.501208e+03
1.501381e+03
1.503223e+03
1.502682e+03
1.501264e+03
1.502117e+03
1.498278e+03
1.497539e+03
1.497718e+03
1.498211e+03
1.499140e+03
1.499683e+03
1.500124e+03
1.500600e+03
1.500980e+03
1.501507e+03
1.501621e+03
1.501249e+03
1.500494e+03
1.500554e+03
1.501118e+03
1.501480e+03
1.501610e+03
1.501661e+03
1.495014e+03
1.500474e+03
1.500373e+03
1.500288e+03
1.500259e+03
1.500261e+03
1.500262e+03
1.500250e+03
1.499259e+03
1.501406e+03
1.498602e+03
1.499523e+03
1.502134e+03
1.501506e+03
1.500371e+03
1.501739e+03
1.500744e+03
1.500447e+03
1.500823e+03
1.500956e+03
1.500954e+03
1.500964e+03
1.500981e+03
1.501000e+03
1.501016e+03
1.501029e+03
1.501031e+03
1.501037e+03
1.502381e+03
1.501514e+03
1.502302e+03
1.498440e+03
1.497568e+03
1.497673e+03
1.498157e+03
1.499023e+03
1.499714e+03
1.500051e+03
1.500529e+03
1.501053e+03
1.501366e+03
1.501688e+03
1.501531e+03
1.501248e+03
1.500296e+03
1.500642e+03
1.501176e+03
1.501494e+03
1.501604e+03
1.501663e+03
1.501473e+03
1.499934e+03
1.500362e+03
1.500305e+03
1.500212e+03
1.500269e+03
1.500268e+03
1.500258e+03
1.500161e+03
1.499238e+03
1.501560e+03
1.499303e+03
1.501627e+03
1.502304e+03
1.501217e+03
1.500956e+03
1.502575e+03
1.500541e+03
1.500392e+03
1.500547e+03
1.500826e+03
1.500954e+03
1.500950e+03
1.500958e+03
1.500975e+03
1.500993e+03
1.501006e+03
1.501007e+03
1.501679e+03
1.499979e+03
1.498938e+03
1.497669e+03
1.497616e+03
1.498127e+03
1.498870e+03
1.499708e+03
1.500043e+03
1.500417e+03
1.500842e+03
1.501259e+03
1.501553e+03
1.501784e+03
1.501424e+03
1.501233e+03
1.500229e+03
1.500720e+03
1.501229e+03
1.501507e+03
1.501598e+03
1.501654e+03
1.501652e+03
1.500137e+03
1.500363e+03
1.500330e+03
1.500244e+03
1.500237e+03
1.500270e+03
1.500261e+03
1.500223e+03
1.500017e+03
1.500034e+03
1.499907e+03
1.500995e+03
1.502386e+03
1.502018e+03
1.501408e+03
1.501578e+03
1.502202e+03
1.500507e+03
1.500408e+03
1.500527e+03
1.500660e+03
1.500837e+03
1.500953e+03
1.500948e+03
1.500954e+03
1.500969e+03
1.500985e+03
1.500270e+03
1.500159e+03
1.497824e+03
1.497566e+03
1.498074e+03
1.498721e+03
1.499657e+03
1.500057e+03
1.500353e+03
1.500733e+03
1.501173e+03
1.501422e+03
1.501700e+03
1.501775e+03
1.501374e+03
1.501260e+03
1.500224e+03
1.500785e+03
1.501276e+03
1.501518e+03
1.501594e+03
1.501644e+03
1.501666e+03
1.499922e+03
1.500244e+03
1.500330e+03
1.500266e+03
1.500217e+03
1.500289e+03
1.500263e+03
1.500261e+03
1.500189e+03
1.499499e+03
1.499972e+03
1.500847e+03
1.502143e+03
1.502311e+03
1.501906e+03
1.501656e+03
1.502648e+03
1.502908e+03
1.500591e+03
1.500510e+03
1.500569e+03
1.500657e+03
1.500741e+03
1.500849e+03
1.500953e+03
1.500946e+03
1.500949e+03
1.499139e+03
1.498059e+03
1.497570e+03
1.497984e+03
1.498603e+03
1.499558e+03
1.500053e+03
1.500343e+03
1.500772e+03
1.501094e+03
1.501320e+03
1.501558e+03
1.501806e+03
1.501675e+03
1.501360e+03
1.501232e+03
1.500231e+03
1.500840e+03
1.501316e+03
1.501528e+03
1.501591e+03
1.501635e+03
1.501659e+03
1.501583e+03
1.499445e+03
1.500324e+03
1.500294e+03
1.500238e+03
1.500246e+03
1.500274e+03
1.500266e+03
1.500147e+03
1.500221e+03
1.498982e+03
1.500884e+03
1.501908e+03
1.502514e+03
1.502169e+03
1.502035e+03
1.501850e+03
1.503385e+03
1.502603e+03
1.500724e+03
1.500656e+03
1.500664e+03
1.500700e+03
1.500747e+03
1.500795e+03
1.500860e+03
1.500953e+03
1.496912e+03
1.497633e+03
1.497871e+03
1.498509e+03
1.499409e+03
1.500050e+03
1.500321e+03
1.500596e+03
1.500978e+03
1.501236e+03
1.501440e+03
1.501674e+03
1.501861e+03
1.501542e+03
1.501354e+03
1.501178e+03
1.500230e+03
1.500727e+03
1.501352e+03
1.501536e+03
1.501589e+03
1.501626e+03
1.501648e+03
1.501638e+03
1.497789e+03
1.500300e+03
1.500311e+03
1.500241e+03
1.500225e+03
1.500305e+03
1.500266e+03
1.500206e+03
1.500209e+03
1.500227e+03
1.498587e+03
1.502175e+03
1.502175e+03
1.502376e+03
1.502123e+03
1.502176e+03
1.502634e+03
1.503645e+03
1.502224e+03
1.500863e+03
1.500805e+03
1.500778e+03
1.500773e+03
1.500785e+03
1.500806e+03
1.500831e+03
1.497755e+03
1.497879e+03
1.498548e+03
1.499451e+03
1.500117e+03
1.500352e+03
1.500636e+03
1.500881e+03
1.501144e+03
1.501347e+03
1.501544e+03
1.501771e+03
1.501854e+03
1.501444e+03
1.501348e+03
1.501080e+03
1.500245e+03
1.500782e+03
1.501293e+03
1.501544e+03
1.501588e+03
1.501618e+03
1.501636e+03
1.501639e+03
1.501394e+03
1.499670e+03
1.500307e+03
1.500245e+03
1.500233e+03
1.500197e+03
1.500263e+03
1.500224e+03
1.500183e+03
1.500202e+03
1.497605e+03
1.500173e+03
1.502902e+03
1.502424e+03
1.502248e+03
1.502244e+03
1.502144e+03
1.503392e+03
1.503532e+03
1.501539e+03
1.501029e+03
1.500975e+03
1.500923e+03
1.500877e+03
1.500855e+03
1.500849e+03
1.497826e+03
1.498423e+03
1.499258e+03
1.500111e+03
1.500327e+03
1.500600e+03
1.500819e+03
1.501020e+03
1.501264e+03
1.501439e+03
1.501636e+03
1.501846e+03
1.501779e+03
1.501398e+03
1.501341e+03
1.500924e+03
1.500269e+03
1.500833e+03
1.501329e+03
1.501550e+03
1.501588e+03
1.501614e+03
1.501627e+03
1.501628e+03
1.501569e+03
1.499834e+03
1.500299e+03
1.500263e+03
1.500233e+03
1.500246e+03
1.500324e+03
1.500264e+03
1.500116e+03
1.500222e+03
1.500026e+03
1.500263e+03
1.502041e+03
1.502897e+03
1.502379e+03
1.502210e+03
1.502334e+03
1.502634e+03
1.503781e+03
1.502837e+03
1.501415e+03
1.501104e+03
1.501073e+03
1.501016e+03
1.500950e+03
1.500911e+03
1.498279e+03
1.499068e+03
1.500061e+03
1.500327e+03
1.500555e+03
1.500805e+03
1.500941e+03
1.501141e+03
1.501354e+03
1.501521e+03
1.501719e+03
1.501891e+03
1.501658e+03
1.501381e+03
1.501329e+03
1.500728e+03
1.500296e+03
1.500880e+03
1.501361e+03
1.501555e+03
1.501588e+03
1.501611e+03
1.501620e+03
1.501617e+03
1.501592e+03
1.494555e+03
1.500197e+03
1.500270e+03
1.500238e+03
1.500245e+03
1.500202e+03
1.500273e+03
1.500112e+03
1.500216e+03
1.500025e+03
1.497856e+03
1.499506e+03
1.502860e+03
1.502689e+03
1.502348e+03
1.502304e+03
1.502243e+03
1.503284e+03
1.503674e+03
1.502462e+03
1.501337e+03
1.501159e+03
1.501148e+03
1.501090e+03
1.501013e+03
1.498890e+03
1.499934e+03
1.500354e+03
1.500523e+03
1.500770e+03
1.500946e+03
1.501028e+03
1.501256e+03
1.501428e+03
1.501595e+03
1.501793e+03
1.501895e+03
1.501535e+03
1.501373e+03
1.501312e+03
1.500544e+03
1.500324e+03
1.500923e+03
1.501388e+03
1.501559e+03
1.501589e+03
1.501609e+03
1.501615e+03
1.501607e+03
1.501590e+03
1.501396e+03
1.499424e+03
1.500277e+03
1.500255e+03
1.500239e+03
1.500253e+03
1.500305e+03
1.500198e+03
1.500193e+03
1.500209e+03
1.499846e+03
1.499694e+03
1.501541e+03
1.503243e+03
1.502350e+03
1.502342e+03
1.502355e+03
1.502573e+03
1.503832e+03
1.503356e+03
1.502136e+03
1.501286e+03
1.501198e+03
1.501204e+03
1.501151e+03
1.499731e+03
1.500394e+03
1.500515e+03
1.500736e+03
1.500934e+03
1.501033e+03
1.501098e+03
1.501342e+03
1.501493e+03
1.501665e+03
1.501854e+03
1.501849e+03
1.501451e+03
1.501367e+03
1.501283e+03
1.500415e+03
1.500353e+03
1.500963e+03
1.501412e+03
1.501562e+03
1.501589e+03
1.501607e+03
1.501611e+03
1.501600e+03
1.501580e+03
1.501496e+03
1.500053e+03
1.500267e+03
1.500251e+03
1.500234e+03
1.500256e+03
1.500268e+03
1.500243e+03
1.500069e+03
1.500224e+03
1.500079e+03
1.500564e+03
1.499549e+03
1.502264e+03
1.503251e+03
1.502229e+03
1.502409e+03
1.502242e+03
1.503405e+03
1.503806e+03
1.503010e+03
1.501866e+03
1.501249e+03
1.501222e+03
1.501245e+03
1.500406e+03
1.500538e+03
1.500719e+03
1.500913e+03
1.501045e+03
1.501085e+03
1.501165e+03
1.501407e+03
1.501554e+03
1.501731e+03
1.501897e+03
1.501754e+03
1.501410e+03
1.501360e+03
1.501236e+03
1.500343e+03
1.500383e+03
1.501002e+03
1.501432e+03
1.501565e+03
1.501589e+03
1.501607e+03
1.501609e+03
1.501593e+03
1.501571e+03
1.501515e+03
1.499447e+03
1.500065e+03
1.500236e+03
1.500238e+03
1.500253e+03
1.500208e+03
1.500313e+03
1.500039e+03
1.500221e+03
1.499890e+03
1.504566e+03
1.499859e+03
1.500998e+03
1.502726e+03
1.502906e+03
1.502299e+03
1.502415e+03
1.502755e+03
1.503717e+03
1.503556e+03
1.502695e+03
1.501650e+03
1.501220e+03
1.501237e+03
1.500589e+03
1.500728e+03
1.500904e+03
1.501042e+03
1.501111e+03
1.501119e+03
1.501239e+03
1.501462e+03
1.501612e+03
1.501792e+03
1.501912e+03
1.501631e+03
1.501394e+03
1.501352e+03
1.501166e+03
1.500309e+03
1.500413e+03
1.501040e+03
1.501450e+03
1.501568e+03
1.501590e+03
1.501606e+03
1.501607e+03
1.501589e+03
1.501564e+03
1.501515e+03
1.501400e+03
1.499361e+03
1.500232e+03
1.500248e+03
1.500248e+03
1.500255e+03
1.500280e+03
1.500152e+03
1.500216e+03
1.500212e+03
1.499839e+03
1.501437e+03
1.500906e+03
1.501451e+03
1.502980e+03
1.502587e+03
1.502456e+03
1.502297e+03
1.503225e+03
1.503789e+03
1.503234e+03
1.502412e+03
1.501482e+03
1.501195e+03
